The depths have been converted from SS-S410S times using 20 second
PREM and have been corrected for upper mantle velocity structure
using HMSL-S06, except with 6 degree blocks rather than 4 degress.
Please see Houser et al. (2008) Determination and analysis of long-wavelength transition zone structure using SS precursors, GJI, 174, 178-194. for details
 longitude  latitude  depth from average (km)  error (km)  average depth (km)
  260.  85.4000015 -19.0765076  5.39930725  410.48761
  2.29999995  85.4000015 -7.16921997  11.8826904  410.48761
  98.4000015  85.9000015 -15.2671509  7.59527588  410.48761
  205.100006  81.4000015 -18.5485229  11.2874451  410.48761
  243.800003  81.9000015 -4.34048462  14.3141174  410.48761
  276.700012  81.4000015  3.16235352  10.1442108  410.48761
  326.399994  81.6999969 -1.41171265  4.70140076  410.48761
  1.29999995  83. -6.17453003  5.72753906  410.48761
  32.9000015  83.6999969 -2.92492676  13.2388763  410.48761
  75.4000015  83.1999969  8.14846802  7.08866882  410.48761
  126.599998  82.6999969 -13.5687256  7.10943604  410.48761
  155.  82.3000031 -12.1485596  3.83088684  410.48761
  201.399994  77.8000031 -9.7333374  17.9971161  410.48761
  215.  77.1999969 -4.88653564  4.54917908  410.48761
  233.199997  77. -1.58746338  3.94454956  410.48761
  262.  76.3000031  6.08016968  6.16125488  410.48761
  279.399994  77.5999985  3.1920166  4.83735657  410.48761
  301.600006  77.5999985  0.39855957  5.94465637  410.48761
  328.  77.5999985  0.721221924  4.6975708  410.48761
  344.200012  78. -3.87942505  3.05841064  410.48761
  6.19999981  77. -7.59466553  3.57527161  410.48761
  45.  77.3000031  4.31106567  5.42475891  410.48761
  59.4000015  77.  2.51504517  8.59008789  410.48761
  73.  77.1999969 -6.45889282  9.6696167  410.48761
  93.3000031  76.9000015 -8.01852417  19.7120514  410.48761
  126.300003  77.9000015 -5.80282593  6.96760559  410.48761
  151.399994  77.1999969  3.89837646  4.15315247  410.48761
  164.699997  77.1999969  2.86798096  3.60089111  410.48761
  188.  71.4000015  5.07751465  12.9803925  410.48761
  206.600006  72. -1.38296509  3.2208252  410.48761
  221.199997  72.5 -4.02398682  2.94102478  410.48761
  239.  72.4000015  3.92803955  3.59365845  410.48761
  254.5  72.4000015  5.07751465  6.81333923  410.48761
  269.700012  73.3000031  0.252044678  3.55470276  410.48761
  283.299988  73.4000015  3.36853027  2.73805237  410.48761
  306.100006  72.  9.90881348  6.32980347  410.48761
  316.100006  72.5999985  1.95626831  24.0106812  410.48761
  335.100006  73.4000015  4.48779297  6.71948242  410.48761
  350.799988  72.0999985  5.96264648  6.67248535  410.48761
  7.5  72.3000031 -1.09054565  4.03851318  410.48761
  17.2000008  72.0999985 -0.217590332  6.74612427  410.48761
  43.4000015  73.9000015 -7.70733643  48.3617401  410.48761
  59.7000008  72.3000031  0.780395508  12.3110352  410.48761
  74.5999985  71.5 -2.40270996  3.75883484  410.48761
  87.9000015  71.6999969 -1.64556885  5.50854492  410.48761
  103.5  71.3000031  5.22463989  28.201828  410.48761
  123.400002  71. -0.247161865  10.9853668  410.48761
  144.100006  71.8000031  7.20278931  9.15945435  410.48761
  159.5  71.1999969  9.8789978  2.45056152  410.48761
  166.199997  71.5999985  5.46090698  2.65467834  410.48761
  186.699997  66.3000031  5.16592407  2.77175903  410.48761
  200.899994  66.8000031 -5.94598389  3.74015808  410.48761
  209.399994  67. -10.7271118  3.81512451  410.48761
  224.199997  68.4000015 -1.79174805  6.92080688  410.48761
  241.199997  66.5  3.83969116  2.65087891  410.48761
  250.5  66.9000015  1.63259888  3.12585449  410.48761
  262.  67.0999985  2.07342529  2.95143127  410.48761
  273.299988  67.1999969  4.45809937  2.44625854  410.48761
  290.600006  66.9000015  1.39712524  4.06182861  410.48761
  304.700012  67.8000031  0.868499756  15.3377838  410.48761
  314.5  67.0999985 -13.7637329  2.86747742  410.48761
  326.200012  66.5999985 -5.11633301  7.81695557  410.48761
  339.  67.6999969 -12.4271545  8.68041992  410.48761
  354.  67.8000031 -6.34481812  8.92840576  410.48761
  9.10000038  66.9000015 -1.03231812  3.1078949  410.48761
  17.7000008  67.0999985  10.649231  6.15661621  410.48761
  31.3999996  66.3000031  3.01483154  9.44361877  410.48761
  44.9000015  66.4000015  10.7089233  21.7396088  410.48761
  63.4000015  67.3000031  12.8740845  3.08816528  410.48761
  69.6999969  67.8000031  5.87350464  1.97685242  410.48761
  81.9000015  68.0999985  4.75357056  2.80044556  410.48761
  94.6999969  67.0999985 -6.4302063  5.05006409  410.48761
  107.5  67.3000031 -5.31704712  19.1166382  410.48761
  123.099998  67.5  1.33859253  8.88560486  410.48761
  134.899994  66.1999969  4.60583496  15.0449371  410.48761
  152.899994  67.0999985  5.87350464  7.99685669  410.48761
  161.899994  66.6999969  10.7089233  2.03694153  410.48761
  169.300003  66.5999985  10.9748535  2.15615845  410.48761
  183.699997  62.  2.89761353  2.08921814  410.48761
  197.199997  62.5999985  0.487304688  2.24087524  410.48761
  206.399994  62.5999985  1.63259888  4.76570129  410.48761
  218.399994  61.7000008  5.75531006  10.7807922  410.48761
  229.  62.4000015  8.23712158  4.48739624  410.48761
  241.300003  63.  5.22463989  2.41853333  410.48761
  248.899994  63.5  2.19122314  4.06773376  410.48761
  262.399994  63.5  7.94207764  5.19534302  410.48761
  270.100006  62.9000015  10.9463196  3.1940918  410.48761
  284.600006  62.0999985 -3.61975098  3.24894714  410.48761
  295.399994  62.5 -13.0397644  4.21673584  410.48761
  305.5  62.2999992 -2.16973877  5.03604126  410.48761
  315.600006  62.4000015 -7.70733643  2.2913208  410.48761
  326.299988  62.0999985 -5.68835449  2.88703918  410.48761
  337.5  61.9000015 -24.3131409  3.41230774  410.48761
  348.399994  61.0999985 -6.94311523  3.70071411  410.48761
  2.  61.7000008 -12.2601318  6.30166626  410.48761
  10.  63.5 -9.53787231  4.42192078  410.48761
  21.2000008  63.4000015  3.89837646  8.38157654  410.48761
  33.0999985  62.2999992 -1.878479  16.4352722  410.48761
  42.7999992  61.2999992 -24.3963013  12.3868256  410.48761
  55.2999992  62.2000008 -5.05856323  15.1526337  410.48761
  64.  63.7000008  11.3908081  2.9876709  410.48761
  76.5  64.5  9.67160034  6.98042297  410.48761
  88.1999969  63.  2.95620728  7.84120178  410.48761
  97.8000031  63.9000015 -8.24462891  5.1240387  410.48761
  109.5  63.2999992 -10.4876099  5.11381531  410.48761
  118.199997  61.9000015 -1.93649292  8.44242859  410.48761
  133.300003  61.2999992  9.58285522  6.89076233  410.48761
  142.800003  61.9000015 -12.7051086  3.65950012  410.48761
  155.699997  61.9000015 -9.00494385  11.2841034  410.48761
  164.100006  62.4000015  6.02142334  2.15409851  410.48761
  172.199997  61.9000015  5.60879517  2.00576782  410.48761
  183.399994  56.2999992 -6.08901978  1.91113281  410.48761
  192.100006  57.0999985 -0.452697754  2.49842834  410.48761
  202.199997  56.7999992  6.08016968  3.59320068  410.48761
  212.699997  57.4000015  17.5760803  5.59944153  410.48761
  220.199997  57.4000015  13.7953491  11.1607819  410.48761
  229.100006  57.2999992 -0.915039062  8.00790405  410.48761
  240.899994  56.4000015  13.378479  2.58473206  410.48761
  248.100006  58.0999985  1.45629883  7.96704102  410.48761
  257.799988  55.7000008 -6.23132324  10.850296  410.48761
  269.399994  57.4000015  5.4906311  5.68540955  410.48761
  275.5  56.4000015  0.222473145  4.63330078  410.48761
  285.200012  57.0999985 -3.76382446  9.31684875  410.48761
  296.399994  58.2999992 -2.63540649  3.37956238  410.48761
  306.200012  57.7000008 -12.0089417  3.80363464  410.48761
  313.  57.7000008 -10.6716003  4.74409485  410.48761
  322.5  57.7999992 -2.25695801  2.77462769  410.48761
  332.200012  57.7000008 -4.62817383  3.73654175  410.48761
  342.100006  57.5 -10.4876099  3.03027344  410.48761
  350.  57.2999992  5.37246704  3.36195374  410.48761
  359.  58.2999992  2.48544312  5.50518799  410.48761
  6.4000001  57.7999992 -12.7892456  12.8683472  410.48761
  20.7999992  56.9000015 -8.69537354  17.738327  410.48761
  26.  57.0999985  8.38467407  26.5857086  410.48761
  38.5999985  58.2999992 -13.9587097  9.04754639  410.48761
  45.2999992  58.2000008 -10.8948669  19.5339813  410.48761
  55.7999992  57.9000015  0.662719727  3.32511902  410.48761
  61.9000015  58.5 -1.52868652  3.13168335  410.48761
  73.3000031  57.7999992  0.838897705  29.2026672  410.48761
  85.  57. -3.47491455  7.69084167  410.48761
  89.5999985  57.5999985 -4.22515869  9.47555542  410.48761
  101.300003  57.2000008 -3.12783813  20.1999664  410.48761
  112.900002  56.4000015  2.16156006  6.29069519  410.48761
  121.5  57.9000015 -3.21536255  5.1025238  410.48761
  132.300003  57.2999992 -1.52868652  3.45106506  410.48761
  137.899994  57.2000008  4.84197998  3.44911194  410.48761
  148.300003  57.0999985  14.5383301  4.66914368  410.48761
  157.699997  57.2999992  6.81878662  1.94876099  410.48761
  166.5  57.5  1.80957031  1.5582428  410.48761
  174.600006  56.5999985 -5.68835449  1.54379272  410.48761
  182.5  52.2999992 -2.60549927  1.53916931  410.48761
  192.800003  52.2000008 -1.84979248  1.5859375  410.48761
  199.899994  51.7999992 -2.43197632  2.30838013  410.48761
  207.199997  52.7999992  5.31307983  4.59393311  410.48761
  218.100006  51.9000015 -7.33990479  5.79862976  410.48761
  223.800003  51.7000008 -11.0345459  2.68955994  410.48761
  232.899994  51.5999985  4.78262329  5.26956177  410.48761
  240.899994  52.0999985 -6.54425049  2.78892517  410.48761
  249.899994  53.2999992  1.48526001  4.41304016  410.48761
  258.200012  52.9000015 -3.32992554  4.86930847  410.48761
  264.799988  51.7999992 -11.1448669  5.52767944  410.48761
  274.200012  52.7000008  2.04443359  2.89248657  410.48761
  277.600006  53.5  2.48544312  3.45231628  410.48761
  291.799988  53.0999985  7.35018921  6.46310425  410.48761
  299.100006  51.5  1.39712524  2.47953796  410.48761
  308.  52.7999992 -1.82110596  3.30293274  410.48761
  313.5  53.2999992 -4.65710449  6.34014893  410.48761
  324.600006  52.9000015 -12.8447266  7.50531006  410.48761
  330.600006  52.5999985 -11.7028809  6.87417603  410.48761
  339.200012  53.5 -9.08850098  5.67536926  410.48761
  347.299988  53. -15.5448303  12.2122803  410.48761
  354.399994  53. -8.61099243  5.08863831  410.48761
  5.30000019  52.7999992  9.30221558  13.1563568  410.48761
  11.6999998  52.4000015  7.02563477  9.36355591  410.48761
  22.7999992  52.7000008  4.39941406  30.8654633  410.48761
  27.7999992  51.5 -6.34481812  7.75436401  410.48761
  34.9000015  52.2000008 -2.11178589  12.4885101  410.48761
  45.7999992  54.0999985  0.487304688  3.96569824  410.48761
  51.  54.5999985  1.33859253  11.1684875  410.48761
  59.9000015  50.  3.75137329  20.3977661  410.48761
  70.1999969  50.5  9.6126709  9.87420654  410.48761
  76.8000031  51.2000008  11.2123413  21.2562866  410.48761
  87.  53.2999992 -0.481567383  3.48918152  410.48761
  94.5  52.2999992 -1.20703125  19.5110931  410.48761
  101.900002  50.5999985 -13.3456726  15.3067322  410.48761
  111.699997  50.5  0.662719727  4.43392944  410.48761
  118.800003  50.2999992  3.5161438  6.01313782  410.48761
  129.100006  51.0999985  6.02142334  2.44995117  410.48761
  134.399994  51.4000015  7.32043457  2.1786499  410.48761
  143.5  51.7000008  6.87756348  2.42205811  410.48761
  151.100006  52.5  6.25787354  3.77110291  410.48761
  160.899994  52.0999985  2.98587036  2.00112915  410.48761
  168.  52.7000008 -0.768249512  1.65100098  410.48761
  176.5  52.5 -4.36947632  1.15075684  410.48761
  182.100006  47.7999992  2.63290405  1.8243866  410.48761
  191.600006  47.  2.66253662  1.76585388  410.48761
  196.600006  48.0999985 -1.03231812  2.02883911  410.48761
  204.600006  47.7000008  6.19842529  2.92222595  410.48761
  214.100006  47.7000008  11.0345459  3.84637451  410.48761
  220.600006  48.2000008 -5.03033447  2.52391052  410.48761
  226.800003  47.0999985  0.252044678  2.53262329  410.48761
  235.300003  47.9000015  2.95620728  3.20858765  410.48761
  241.100006  48.0999985 -13.6241455  12.5725098  410.48761
  249.100006  47.5999985 -18.8818665  6.09463501  410.48761
  256.600006  47. -13.9032593  2.33879089  410.48761
  264.100006  48.2999992 -5.37405396  8.5541687  410.48761
  272.600006  48.5999985  2.6914978  4.36407471  410.48761
  275.899994  48.4000015  7.4090271  3.95248413  410.48761
  287.5  48.0999985  8.11871338  26.7782135  410.48761
  296.299988  48.2000008 -3.32992554  4.26403809  410.48761
  301.  48.7000008  0.164031982  2.35638428  410.48761
  310.700012  48.5999985  5.22463989  5.30131531  410.48761
  314.799988  48.2000008  5.4906311  17.2518311  410.48761
  325.299988  47.9000015 -13.5132751  7.25083923  410.48761
  330.299988  47.7999992 -8.46981812  3.67449951  410.48761
  337.200012  47.4000015 -4.97259521  9.48266602  410.48761
  344.700012  48. -15.6002502  35.8238373  410.48761
  351.899994  47.9000015 -6.31610107  34.7509918  410.48761
  358.399994  48. -10.3484802  22.3879242  410.48761
  6.9000001  49.  9.36184692  14.1862183  410.48761
  15.1999998  47. -10.0411682  23.9484711  410.48761
  23.8999996  48.7000008 -0.885559082  51.7375946  410.48761
  27.8999996  48.7999992 -2.16973877  28.0180359  410.48761
  34.7000008  47.9000015 -16.5744019  5.9879303  410.48761
  46.5999985  47.4000015 -5.34588623  11.9941559  410.48761
  52.5999985  47.2999992  3.5741272  6.85632324  410.48761
  58.2999992  47.7999992  7.46853638  10.8979034  410.48761
  66.6999969  47.2999992  17.6047363  9.64941406  410.48761
  73.9000015  47.0999985  15.1034241  62.1421967  410.48761
  79.5  46.0999985  4.54647827  15.7444458  410.48761
  88.6999969  46.7000008  13.0229187  9.13238525  410.48761
  96.9000015  45.7000008  1.92666626  3.53755188  410.48761
  102.800003  46.  1.13342285  4.43911743  410.48761
  111.5  46.7999992  5.96264648  3.33432007  410.48761
  117.199997  47.5  6.43423462  2.83396912  410.48761
  126.  48.2999992  7.55715942  2.00189209  410.48761
  132.100006  48.4000015  5.99172974  1.35733032  410.48761
  140.  48.2000008  8.44424438  1.88499451  410.48761
  147.  47.5999985  6.81878662  2.62809753  410.48761
  154.5  46.9000015 -2.75100708  2.36271667  410.48761
  161.300003  48. -2.05316162  1.87599182  410.48761
  169.5  47.4000015 -3.27297974  1.50491333  410.48761
  176.399994  47. -3.73544312  1.58798218  410.48761
  182.100006  42.5  1.10385132  2.00875854  410.48761
  190.199997  43.2999992 -0.944519043  2.64247131  410.48761
  196.800003  42.0999985  6.10992432  1.71214294  410.48761
  202.100006  41.5  7.4090271  1.68432617  410.48761
  208.800003  42.0999985  4.16403198  2.71029663  410.48761
  218.300003  43.5  0.54510498  17.5173798  410.48761
  225.800003  43.4000015 -1.03231812  3.19554138  410.48761
  229.600006  42.9000015  0.927642822  3.64804077  410.48761
  236.800003  42.4000015  5.04779053  3.92184448  410.48761
  242.899994  42.0999985 -1.55807495  6.98382568  410.48761
  252.5  44.2999992 -14.5155334  2.53259277  410.48761
  257.700012  43.2000008 -3.0118103  3.40223694  410.48761
  265.5  42.4000015  3.25061035  2.53225708  410.48761
  271.5  42.2999992  8.47402954  3.12760925  410.48761
  277.399994  43.0999985  10.5305176  2.86636353  410.48761
  282.5  44.5  7.11419678  18.3818054  410.48761
  300.  42.0999985  0.104888916  9.15206909  410.48761
  313.700012  43.9000015  16.8596802  18.02948  410.48761
  319.100006  44.0999985 -7.67953491  11.4949646  410.48761
  326.700012  43.7000008 -4.16778564  9.99310303  410.48761
  334.299988  42.7999992 -1.58746338  5.7118988  410.48761
  337.600006  42.5 -11.730957  14.0992737  410.48761
  345.200012  40.9000015  14.3893127  22.161377  410.48761
  353.399994  42.7000008 -20.2428284  26.7155762  410.48761
  358.700012  41.  4.07571411  23.0444946  410.48761
  15.3999996  42.5 -15.9905701  12.598526  410.48761
  19.6000004  43.2000008 -16.6858215  16.2081451  410.48761
  27.3999996  44.0999985 -6.51623535  18.127121  410.48761
  35.  42.4000015 -8.49819946  11.8146667  410.48761
  38.7999992  42.0999985 -7.45336914  22.0287018  410.48761
  48.9000015  42.7000008  11.3908081  7.34646606  410.48761
  51.7999992  43.7999992  13.4084167  5.07199097  410.48761
  63.7000008  41.7000008  6.81878662  10.0662384  410.48761
  67.3000031  41.5 -0.0422668457  13.0048218  410.48761
  76.5999985  41.5999985  0.0464172363  35.1137085  410.48761
  81.0999985  40.7000008  0.516204834  3.90786743  410.48761
  89.1999969  41.7000008  2.2208252  6.14544678  410.48761
  95.9000015  42.5  9.09494019  5.14143372  410.48761
  101.400002  43.5  3.5451355  5.19166565  410.48761
  107.5  44.2000008 -5.25933838  9.58953857  410.48761
  115.5  44.7000008  15.3703918  4.12870789  410.48761
  122.900002  41.7000008 -0.158477783  4.36645508  410.48761
  129.899994  42.5 -0.217590332  1.88671875  410.48761
  135.399994  43.2999992 -6.31610107  2.50726318  410.48761
  144.100006  42.2000008 -3.15701294  3.66046143  410.48761
  149.899994  42.5999985 -0.276031494  2.03196716  410.48761
  154.600006  43.2999992 -3.79290771  1.67437744  410.48761
  164.600006  42.5999985  5.93295288  3.18733215  410.48761
  170.699997  43.  1.07427979  1.29260254  410.48761
  175.600006  43.4000015 -4.62817383  1.5521698  410.48761
  182.  37.7000008  12.7252808  1.84117126  410.48761
  190.300003  37.2000008  6.28759766  1.85934448  410.48761
  196.  37.2999992  12.8740845  1.75205994  410.48761
  201.300003  38.  6.93707275  1.94929504  410.48761
  207.100006  36.9000015  2.57434082  2.26573181  410.48761
  212.899994  36.7000008  5.52032471  5.272995  410.48761
  222.5  37.  5.93295288  4.65553284  410.48761
  227.600006  36.7999992  6.46463013  2.30293274  410.48761
  234.600006  36.2000008  1.80957031  3.65429688  410.48761
  240.300003  36.2999992  9.8789978  7.30673218  410.48761
  244.899994  36.2000008  4.63552856  10.8744965  410.48761
  252.100006  36. -14.0695496  4.1844635  410.48761
  258.600006  36.5 -2.40270996  3.26664734  410.48761
  265.299988  38.2000008  6.13964844  3.88891602  410.48761
  271.600006  38.2999992  4.25238037  2.56382751  410.48761
  276.5  39.2000008  9.06515503  2.59686279  410.48761
  299.  38.0999985 -11.2290649  9.18115234  410.48761
  303.799988  37.7000008  1.86813354  13.3249817  410.48761
  307.5  37.0999985  6.25787354  6.51628113  410.48761
  324.  37.7999992  11.9834595  25.2244415  410.48761
  328.200012  37.0999985  6.67074585  34.2126923  410.48761
  336.100006  37.4000015 -7.87756348  5.5867157  410.48761
  340.5  36.9000015  0.956542969  8.79017639  410.48761
  346.  37.7000008  10.2932129  15.3226776  410.48761
  353.600006  37.4000015  5.19561768  19.8444977  410.48761
  0.5  38.5999985  0.369689941  29.2406311  410.48761
  6.80000019  37.7999992 -8.32852173  26.0531006  410.48761
  13.6000004  37.9000015 -10.5599976  8.96931458  410.48761
  19.2000008  38. -2.34481812  7.33924866  410.48761
  24.8999996  36.9000015 -8.49819946  13.7976532  410.48761
  32.  37.5 -22.9533691  24.0288849  410.48761
  39.2999992  37.2999992 -19.1598206  23.2672424  410.48761
  43.9000015  36.9000015 -14.0695496  14.4575043  410.48761
  51.7000008  36.4000015 -4.3984375  4.38751221  410.48761
  56.7000008  36.5999985 -9.00494385  5.56335449  410.48761
  64.  38.4000015  6.16934204  6.10263062  410.48761
  68.6999969  36.9000015  12.9338989  5.1293335  410.48761
  77.1999969  38.5  4.81228638  17.0541992  410.48761
  82.4000015  37.9000015 -0.100708008  3.20193481  410.48761
  86.5  38.2999992  2.2208252  6.75793457  410.48761
  94.5999985  39.0999985  2.27941895  25.7607422  410.48761
  98.9000015  38.7000008  29.1686096  13.7573395  410.48761
  107.5  36.2999992 -7.19778442  8.103302  410.48761
  114.900002  36.9000015  3.16235352  4.74909973  410.48761
  122.199997  38.  2.19122314  2.17642212  410.48761
  126.900002  37.7999992 -0.276031494  2.47064209  410.48761
  132.  37.4000015 -7.02761841  2.8956604  410.48761
  138.800003  38.0999985 -6.00283813  4.71722412  410.48761
  146.  38.7000008 -2.3734436  2.01795959  410.48761
  150.600006  39.7000008 -5.86038208  1.51397705  410.48761
  158.5  37.7000008  2.66253662  3.08955383  410.48761
  165.399994  37.9000015  6.96612549  2.06767273  410.48761
  169.800003  37.5999985  8.53292847  2.15153503  410.48761
  178.  37.7000008  13.0820923  2.13813782  410.48761
  181.300003  33.7000008  22.762085  2.51821899  410.48761
  190.300003  33.9000015  10.9463196  2.12625122  410.48761
  194.5  33.7999992  11.0046997  2.3936615  410.48761
  200.800003  32.5  17.6047363  2.07987976  410.48761
  206.399994  32.  13.6763306  2.64425659  410.48761
  211.  31.7000008  9.0062561  2.65533447  410.48761
  217.300003  31.8999996  10.1460876  5.29450989  410.48761
  225.100006  32.9000015  10.3528748  2.5105896  410.48761
  229.800003  32.9000015  11.3908081  1.86779785  410.48761
  235.600006  34.2999992  10.5014038  5.05915833  410.48761
  241.899994  35.2999992  11.5089111  16.3797607  410.48761
  247.800003  34.4000015  12.1620789  8.70942688  410.48761
  253.199997  32.7000008 -3.9949646  8.85153198  410.48761
  257.700012  34.2000008 -9.36917114  3.35113525  410.48761
  266.  33.5999985 -4.25418091  17.2843933  410.48761
  271.799988  33.7000008  2.24975586  7.68385315  410.48761
  278.200012  31.6000004 -10.0967712  4.80870056  410.48761
  282.5  30.6000004 -13.2341614  4.49565125  410.48761
  287.899994  31.2000008 -20.8982849  22.1846619  410.48761
  301.299988  30.8999996  9.03604126  12.916153  410.48761
  306.899994  32.4000015  6.31665039  12.8657227  410.48761
  312.899994  29.6000004  3.5741272  3.62185669  410.48761
  319.100006  30.3999996  13.7654419  12.3491974  410.48761
  324.100006  31.8999996  19.3656006  35.7495575  410.48761
  331.200012  31.  2.27941895  31.1196289  410.48761
  337.  33. -3.27297974  5.9364624  410.48761
  341.700012  33.7000008 -5.88912964  9.71446228  410.48761
  347.299988  31.7999992 -19.3264771  14.0895081  410.48761
  354.100006  31.3999996 -13.0958557  8.77999878  410.48761
  359.  31.1000004 -10.8667908  5.98329163  410.48761
  5.0999999  31.2999992 -22.1763306  14.384964  410.48761
  12.6000004  33. -18.3258362  13.4313812  410.48761
  15.8000002  33.2000008 -4.82870483  7.88226318  410.48761
  24.2999992  34.4000015  6.64102173  14.3824768  410.48761
  29.3999996  32.7000008 -17.5469971  4.51301575  410.48761
  35.5999985  33. -20.7323303  11.8848419  410.48761
  41.7999992  32.7000008 -26.6146545  3.5483551  410.48761
  47.2999992  32.0999985 -13.1232605  10.224411  410.48761
  52.9000015  34.7999992 -8.44143677  2.77038574  410.48761
  58.7999992  34.  0.927642822  9.97485352  410.48761
  66.0999985  33.7999992  14.6574707  3.38990784  410.48761
  70.  33.5  14.7160034  2.58782959  410.48761
  77.9000015  33.  14.3600159  4.42987061  410.48761
  83.4000015  33.4000015  5.2543335  4.56433105  410.48761
  87.1999969  33.0999985 -10.1530457  10.4219513  410.48761
  95.6999969  32.2000008 -6.77209473  23.1463318  410.48761
  101.5  31.2000008  10.1162415  9.08598328  410.48761
  106.5  31.2000008  6.31665039  2.53909302  410.48761
  111.  31.2999992  11.4498596  2.63116455  410.48761
  117.400002  31.7999992 -0.217590332  6.34002686  410.48761
  123.599998  33.4000015 -3.18618774  4.81541443  410.48761
  130.800003  33.7999992  0.104888916  3.43647766  410.48761
  134.699997  32.5999985 -0.100708008  3.81388855  410.48761
  141.600006  32.9000015 -5.05856323  2.55209351  410.48761
  146.600006  32.7000008  2.33862305  2.64701843  410.48761
  153.800003  33.  0.721221924  4.34741211  410.48761
  160.  33.4000015  1.98590088  5.2660675  410.48761
  166.800003  32.7000008  16.2937317  3.2394104  410.48761
  171.800003  31.8999996  18.6795044  2.38053894  410.48761
  176.300003  32.5999985  21.4437256  2.35726929  410.48761
  182.800003  27.5  19.5301514  5.16116333  410.48761
  188.  27.8999996  14.835144  4.22343445  410.48761
  193.399994  28.6000004  7.52740479  11.8383636  410.48761
  201.  28.7999992  15.8473206  3.30496216  410.48761
  205.699997  28.5  17.3372192  3.5997467  410.48761
  210.600006  27.6000004  16.1744385  4.54928589  410.48761
  214.899994  27.2999992  17.8736877  2.49821472  410.48761
  222.300003  28.  18.6494446  4.67955017  410.48761
  228.199997  27.2000008  5.69659424  2.50801086  410.48761
  232.399994  27.2000008  1.10385132  5.7802887  410.48761
  238.  27.5 -5.48806763  4.0630188  410.48761
  245.  27.2999992 -4.54196167  5.10232544  410.48761
  251.5  28.7000008  1.10385132  12.8970947  410.48761
  253.5  29.1000004 -9.22918701  14.2903442  410.48761
  274.5  28.1000004 -14.0141296  13.6887512  410.48761
  278.700012  27.7000008 -13.48526  4.43824768  410.48761
  285.  27.3999996 -5.46054077  4.06362915  410.48761
  289.200012  26.3999996  0.516204834  2.85560608  410.48761
  294.5  26.2999992  1.48526001  2.71429443  410.48761
  301.200012  26.8999996 -0.100708008  3.26002502  410.48761
  308.299988  26.7999992  16.8903809  5.32733154  410.48761
  312.399994  26.2999992  10.8276367  3.45968628  410.48761
  316.5  27.  11.1824646  3.87638855  410.48761
  322.899994  29.  17.3665771  11.6759186  410.48761
  331.  28.1000004  1.92666626  18.7129364  410.48761
  333.899994  27.2000008  4.34005737  22.3599091  410.48761
  341.100006  26.  7.37994385  14.6349792  410.48761
  345.299988  26.7000008 -11.3961487  21.5480194  410.48761
  350.799988  26.5 -9.17269897  25.1872406  410.48761
  355.799988  27.5 -2.19906616  10.0220642  410.48761
  3.0999999  29.2999992 -9.36917114  28.5369568  410.48761
  8.10000038  28.2999992 -8.83636475  46.3132324  410.48761
  13.6999998  28.7000008 -21.870697  28.1737671  410.48761
  27.5  26.6000004 -4.97259521  7.42002869  410.48761
  29.6000004  27.  4.45809937  9.17971802  410.48761
  35.2999992  27.1000004 -14.737854  20.3524323  410.48761
  45.2000008  28.8999996 -16.602417  1.91905212  410.48761
  46.7000008  28.1000004 -14.0415344  9.27197266  410.48761
  59.2999992  28.2999992  21.2046509  28.4838104  410.48761
  65.1999969  27.2999992  14.4491882  7.50845337  410.48761
  69.5999985  27.2999992  10.3230591  4.49555969  410.48761
  76.3000031  26.2000008  9.1836853  2.74447632  410.48761
  81.0999985  26.5  2.95620728  16.0132599  410.48761
  87.5999985  27.7999992  1.16235352  7.32255554  410.48761
  93.3000031  27.7000008 -7.2828064  6.05635071  410.48761
  98.4000015  28.2999992 -8.46981812  12.9108887  410.48761
  104.800003  29.7000008  10.8568115  4.37898254  410.48761
  109.099998  29.5  10.649231  2.57093811  410.48761
  115.300003  28.1000004  12.458252  4.83093262  410.48761
  119.900002  27.7999992  4.9303894  5.12245178  410.48761
  125.599998  27.2999992  2.51504517  6.03199768  410.48761
  133.600006  27.5  6.93707275  3.56614685  410.48761
  136.699997  27.6000004  1.86813354  2.95062256  410.48761
  143.399994  27.7000008  9.93865967  2.15415955  410.48761
  148.699997  27.6000004  12.9338989  5.07017517  410.48761
  155.  28.7999992 -0.768249512  6.10357666  410.48761
  162.300003  27.8999996  9.1836853  5.73390198  410.48761
  167.600006  27.5  10.2342224  4.99864197  410.48761
  171.5  27.8999996  12.2802429  2.49319458  410.48761
  176.199997  27.7999992  15.3703918  2.61863708  410.48761
  181.800003  23.5  8.20736694  16.8154755  410.48761
  187.899994  23.8999996  15.2225952  22.4836426  410.48761
  192.800003  23.1000004  10.8866577  8.81785583  410.48761
  198.199997  22.8999996  9.79022217  11.985321  410.48761
  205.699997  23.6000004  7.88253784  9.6088562  410.48761
  210.199997  23.7999992  13.2893982  6.2527771  410.48761
  214.5  23.1000004  14.3600159  2.91365051  410.48761
  219.300003  21.3999996  16.0858154  4.72750854  410.48761
  226.100006  22.2999992  8.38467407  3.21603394  410.48761
  228.899994  23.  3.72174072  2.29736328  410.48761
  234.699997  24.2000008 -1.99514771  3.12634277  410.48761
  242.800003  23.3999996 -5.46054077  2.003479  410.48761
  247.399994  22.7000008 -10.4040222  2.80604553  410.48761
  251.5  22.6000004 -8.75140381  3.98092651  410.48761
  256.600006  22. -28.0279541  17.6296997  410.48761
  263.799988  20.5 -8.52590942  12.5373688  410.48761
  268.299988  21.3999996 -21.4823914  22.251297  410.48761
  275.700012  22.8999996 -20.1875305  5.34165955  410.48761
  278.799988  22.6000004 -16.2401733  6.27597046  410.48761
  286.200012  23.2999992 -1.96582031  6.13789368  410.48761
  291.200012  23.7999992  1.72073364  4.97064209  410.48761
  295.299988  21.7999992 -0.217590332  4.24916077  410.48761
  300.100006  23.7000008 -1.67495728  3.2175293  410.48761
  306.700012  23.2000008  0.809997559  6.3868866  410.48761
  312.200012  24.7000008  17.4859924  2.97439575  410.48761
  316.299988  23.5  7.76412964  3.56912231  410.48761
  323.100006  21. -0.393585205  9.19665527  410.48761
  328.299988  21.7000008 -3.56155396  3.36558533  410.48761
  333.899994  23.2000008  1.69180298  19.1379089  410.48761
  339.200012  22.5 -9.06085205  12.5779877  410.48761
  344.  22.6000004 -5.6602478  6.80047607  410.48761
  349.299988  21.3999996  2.66253662  14.6479645  410.48761
  352.799988  22.  0.633148193  9.33126831  410.48761
  18.1000004  20.5 -15.1276855  12.6471405  410.48761
  21.7999992  21.8999996 -9.81719971  3.90925598  410.48761
  26.7999992  23.2000008 -5.48806763  4.37838745  410.48761
  31.6000004  23.  1.0453186  7.14631653  410.48761
  35.7999992  23.2000008 -0.768249512  6.50854492  410.48761
  54.2000008  22.5 -23.2861938  7.97766113  410.48761
  59.9000015  21.3999996 -0.100708008  7.3271637  410.48761
  65.5  23.6000004  1.25112915  11.5114746  410.48761
  69.6999969  22.5  3.36853027  17.3493042  410.48761
  76.0999985  22.5  15.4010315  13.1728973  410.48761
  78.5999985  23.6000004  1.83850098  15.6588287  410.48761
  84.8000031  24.2000008 -17.3808899  21.266098  410.48761
  91.5  24. -9.22918701  7.32159424  410.48761
  96.3000031  23.2000008 -17.2415161  4.20733643  410.48761
  103.199997  22.2999992 -12.9842834  17.2613678  410.48761
  106.900002  22.2999992  0.192932129  10.271286  410.48761
  113.099998  22.5 -12.2040405  7.37413025  410.48761
  117.699997  23.2999992 -2.7802124  12.7555389  410.48761
  122.699997  22.8999996 -1.82110596  10.6646118  410.48761
  130.5  21.7999992 -1.55807495  6.46357727  410.48761
  134.800003  22.8999996  11.5089111  3.6993866  410.48761
  139.100006  22.7999992  7.49832153  6.10984802  410.48761
  143.699997  22.7999992  9.6126709  4.40359497  410.48761
  150.399994  21.2999992  20.1278992  10.0966034  410.48761
  156.  21.5  5.99172974  10.9311523  410.48761
  160.600006  24.1000004  16.9490356  44.5419006  410.48761
  168.5  25.3999996  7.52740479  10.22258  410.48761
  172.199997  24.2999992  10.5603638  4.08178711  410.48761
  176.5  23.7000008  13.2893982  4.80461121  410.48761
  182.699997  17.3999996  8.7394104  15.5476074  410.48761
  187.899994  16.7999992 -1.61618042  7.06832886  410.48761
  193.399994  17.7000008  1.54443359  3.06668091  410.48761
  198.  16.7000008  3.83969116  3.03378296  410.48761
  203.699997  17.6000004  5.4906311  5.03652954  410.48761
  208.600006  17.5  10.2640381  3.36912537  410.48761
  215.199997  18.2000008  9.33203125  2.5974884  410.48761
  219.  18.  6.46463013  3.24066162  410.48761
  225.399994  17.3999996  7.43878174  2.44534302  410.48761
  228.300003  17.1000004  9.12475586  2.15264893  410.48761
  233.5  16.3999996  8.53292847  5.55386353  410.48761
  238.899994  16.7999992 -6.40219116  5.42134094  410.48761
  246.800003  17.2000008 -2.22833252  3.64561462  410.48761
  249.300003  16.8999996 -2.89639282  3.05667114  410.48761
  255.100006  17. -3.87942505  6.46679688  410.48761
  261.5  18.3999996  2.04443359  22.1554413  410.48761
  265.799988  18.7000008  2.42684937  27.618454  410.48761
  276.200012  20.5 -21.2599182  7.17326355  410.48761
  294.5  19.  1.0453186  12.6655884  410.48761
  295.700012  18.6000004  0.750793457  7.22795105  410.48761
  302.700012  16. -1.03231812  16.463623  410.48761
  306.799988  17.5  8.41445923  30.9176636  410.48761
  313.100006  18.5  9.0062561  5.2598877  410.48761
  319.600006  16.7000008  4.16403198  15.0159607  410.48761
  324.100006  17.5 -1.76239014  3.27468872  410.48761
  328.399994  17. -2.22833252  2.94941711  410.48761
  333.799988  17.5 -3.9949646  14.7563629  410.48761
  339.200012  18.1000004 -10.013031  17.6724396  410.48761
  345.299988  18.2000008 -8.16003418  15.698822  410.48761
  349.5  18.1000004 -9.06085205  19.3602753  410.48761
  352.799988  17.7000008 -12.6496582  24.1116638  410.48761
  10.3000002  15.8999996  2.95620728  4.92295837  410.48761
  17.1000004  16.7999992 -0.423126221  12.0155487  410.48761
  20.7000008  15.8999996 -7.76434326  6.4730072  410.48761
  25.2999992  18.7999992 -9.17269897  2.19883728  410.48761
  32.7999992  19.  30.2492371  25.2483673  410.48761
  35.5999985  17.  8.828125  27.0112  410.48761
  41.4000015  15.6999998 -34.403717  69.0650177  410.48761
  52.2000008  16.7999992  9.21350098  43.6430664  410.48761
  57.2000008  19.5 -0.335144043  24.6430359  410.48761
  61.7000008  18.  3.0741272  31.4163208  410.48761
  68.3000031  18.2999992 -6.4302063  27.3875122  410.48761
  75.0999985  17.1000004 -1.09054565  9.55802917  410.48761
  76.4000015  16.6000004  3.92803955  15.5497131  410.48761
  81.6999969  17.2999992  17.8436279  13.7088623  410.48761
  90.5999985  17.2999992 -12.9282227  15.4912109  410.48761
  92.3000031  17.6000004 -19.576416  8.84416199  410.48761
  105.199997  17.6000004 -17.5469971  23.6649475  410.48761
  108.300003  17.5 -12.3991394  8.5675354  410.48761
  115.  19.2000008 -16.9913635  9.42713928  410.48761
  120.599998  16.8999996  2.86798096  8.18937683  410.48761
  124.099998  17.3999996  1.22155762  6.10256958  410.48761
  131.300003  18.2000008 -2.95413208  3.2298584  410.48761
  135.199997  18.1000004  6.16934204  6.85107422  410.48761
  140.100006  18.5  22.4321594  6.55482483  410.48761
  148.5  16.2999992  13.0521851  5.33786011  410.48761
  150.600006  16.6000004  17.8436279  4.79541016  410.48761
  156.600006  18.2000008  11.9834595  11.6165771  410.48761
  160.699997  16.7999992  4.63552856  3.68463135  410.48761
  166.300003  17.3999996  6.16934204  2.125  410.48761
  171.5  18.7000008  8.38467407  5.46412659  410.48761
  177.800003  18.8999996  16.2637329  18.3753204  410.48761
  183.899994  12.5  9.90881348  10.1727448  410.48761
  186.5  13.3000002 -7.05557251  8.36457825  410.48761
  194.600006  13.5 -1.70431519  4.78401184  410.48761
  198.699997  12.1999998  4.31106567  3.5655365  410.48761
  203.300003  12.6999998  5.72695923  9.69718933  410.48761
  208.5  11.6999998  9.03604126  4.87461853  410.48761
  214.100006  12.6000004  16.2637329  2.68005371  410.48761
  218.  12.8000002  10.0864258  3.01335144  410.48761
  225.399994  12.6999998  7.76412964  3.89453125  410.48761
  228.199997  12.5  16.1744385  3.00804138  410.48761
  232.699997  13.5  11.8055725  5.77662659  410.48761
  238.  12.8999996  2.2208252  7.62538147  410.48761
  245.699997  13.8999996 -5.28817749  2.74971008  410.48761
  248.300003  14.3999996  0.164031982  3.35017395  410.48761
  254.100006  12.6999998  0.39855957  3.11810303  410.48761
  257.799988  12.  8.97640991  2.98101807  410.48761
  266.200012  9.60000038 -7.84909058  9.9156189  410.48761
  269.299988  10.1000004 -2.25695801  3.4710083  410.48761
  285.700012  8.80000019 -6.14584351  9.79264832  410.48761
  292.399994  12.8000002  3.89837646  4.95851135  410.48761
  296.299988  12.8000002 -0.305603027  8.36305237  410.48761
  301.299988  12.3999996  1.27941895  7.47027588  410.48761
  306.399994  10.3999996  11.6276855  12.7498932  410.48761
  311.399994  11.3000002  0.54510498  27.4257507  410.48761
  316.100006  12.3000002 -1.06176758  11.6586914  410.48761
  322.200012  12.3000002 -3.32992554  22.5191498  410.48761
  325.899994  12.3000002 -4.59988403  17.6753082  410.48761
  330.899994  12.6999998  1.42669678  9.32139587  410.48761
  337.  11.6000004  11.5686646  13.5487061  410.48761
  341.5  11.1999998  0.838897705  5.54434204  410.48761
  347.600006  13.3000002 -3.9949646  12.9248962  410.48761
  352.299988  12.3999996  0.487304688  29.1296539  410.48761
  356.5  12.1999998 -1.29470825  21.1821289  410.48761
  0.300000012  11.8000002  1.86813354  27.6234589  410.48761
  7.69999981  12.3000002 -2.22833252  6.79533386  410.48761
  13.  12.6999998 -6.68682861  3.32681274  410.48761
  19.6000004  13.8000002 -8.44143677  3.25039673  410.48761
  22.3999996  13.5 -4.36947632  5.76611328  410.48761
  34.0999985  12. -15.6842957  7.70358276  410.48761
  37.4000015  13. -13.7356873  64.0422821  410.48761
  43.5  13.1999998  1.30966187  55.7682953  410.48761
  49.5999985  12.1999998  19.9479675  11.8508301  410.48761
  53.5999985  10.6000004  25.9447327  13.5066071  410.48761
  60.5  11.3999996 -0.423126221  1.65145874  410.48761
  63.7000008  11.1000004  8.03005981  7.56163025  410.48761
  70.  11.5 -6.14584351  6.24293518  410.48761
  75.9000015  13.1999998 -0.973358154  5.54951477  410.48761
  77.3000031  12.6999998  6.70050049  9.53541565  410.48761
  85.5999985  10.6999998  1.07427979  14.2213593  410.48761
  89.6999969  12.8000002 -13.0677795  16.344223  410.48761
  95.9000015  11.3999996 -12.0924683  5.57171631  410.48761
  100.900002  12.3000002  7.11419678  7.20046997  410.48761
  107.300003  11.6999998 -2.60549927  4.33459473  410.48761
  109.5  11.8000002 -13.4017639  3.87960815  410.48761
  116.400002  11.6000004 -15.9345398  3.00480652  410.48761
  120.900002  13.5  3.92803955  3.88864136  410.48761
  124.400002  11.5  11.6568909  2.51387024  410.48761
  132.899994  13.1999998  5.31307983  2.65397644  410.48761
  135.899994  12.5  3.5161438  3.2688446  410.48761
  139.399994  12.3999996  8.53292847  7.417099  410.48761
  149.  14.3999996  33.9089966  6.13336182  410.48761
  150.  15.  16.4130249  5.32495117  410.48761
  157.5  12.8000002  1.39712524  5.02571106  410.48761
  161.800003  14.3000002  8.05914307  4.19059753  410.48761
  166.  12.6000004  10.649231  3.4591217  410.48761
  171.100006  9.69999981  14.7759399  4.87026978  410.48761
  177.800003  12.6999998  9.0062561  11.7678223  410.48761
  182.800003  7.9000001  14.2702332  5.75267029  410.48761
  187.  6.5  15.6980591  5.4703064  410.48761
  193.100006  6.30000019  13.6763306  9.25698853  410.48761
  198.100006  8.60000038 -1.26593018  9.43786621  410.48761
  202.899994  8.5  22.4321594  17.2608337  410.48761
  208.300003  7.5  0.281646729  6.9005127  410.48761
  213.600006  7.30000019  4.04602051  3.12303162  410.48761
  217.600006  7.4000001  10.0274658  2.68745422  410.48761
  224.399994  7.30000019  20.7253113  4.65916443  410.48761
  228.  8.10000038  19.5602417  3.00991821  410.48761
  230.699997  8.10000038  16.9790344  5.38748169  410.48761
  238.300003  6.9000001  10.057251  3.69456482  410.48761
  242.100006  7.5  9.12475586  3.63237  410.48761
  249.899994  7.0999999  5.8444519  12.6502838  410.48761
  253.699997  8. -2.28625488  11.6499939  410.48761
  257.5  6.5  7.67550659  17.0017853  410.48761
  264.399994  7.  4.04602051  4.271698  410.48761
  268.200012  8.69999981 -9.42565918  4.19723511  410.48761
  284.100006  7.  3.48583984  5.9836731  410.48761
  287.799988  8.5  2.54467773  4.27481079  410.48761
  295.  5.80000019  1.10385132  3.94226074  410.48761
  299.200012  7.19999981  2.36761475  8.00570679  410.48761
  305.700012  7.4000001 -9.6776123  14.1333313  410.48761
  307.899994  8.39999962  5.8147583  16.6842346  410.48761
  315.  7.0999999 -5.74594116  7.48509216  410.48761
  320.399994  6.9000001 -6.14584351  3.99217224  410.48761
  324.  7.5999999 -5.20227051  14.4877777  410.48761
  330.200012  7.80000019  4.1053772  5.95214844  410.48761
  336.299988  7.69999981  2.42684937  5.65020752  410.48761
  338.899994  7.80000019 -0.0422668457  3.46450806  410.48761
  344.600006  7.4000001  11.9535828  4.73977661  410.48761
  351.399994  7.9000001 -0.100708008  18.2728271  410.48761
  355.299988  7.4000001 -10.5599976  3.59158325  410.48761
  358.700012  6.80000019 -14.9047241  11.0649872  410.48761
  4.30000019  5.9000001 -13.6802368  5.78010559  410.48761
  9.39999962  7. -0.276031494  12.5661469  410.48761
  15.3000002  6.5 -13.2341614  25.2085266  410.48761
  20.3999996  7.30000019 -13.6802368  11.0633698  410.48761
  25.2000008  9. -5.37405396  12.1652374  410.48761
  32.5  8.19999981 -3.12783813  15.4739685  410.48761
  45.5  6.69999981  2.10302734  8.55415344  410.48761
  52.4000015  7.0999999 -17.2695312  11.9524384  410.48761
  54.5  7.19999981  3.30993652  16.4815216  410.48761
  61.4000015  8.10000038  4.98910522  4.6219635  410.48761
  65.8000031  7.5999999  5.60879517  4.24060059  410.48761
  70.5999985  7.19999981  0.956542969  8.7610321  410.48761
  77.  7. -5.77471924  3.02897644  410.48761
  79.  7.0999999 -0.0126953125  4.33889771  410.48761
  86.5  6.19999981 -16.4349976  5.0151062  410.48761
  90.3000031  6.69999981 -9.9848938  4.35897827  410.48761
  96.4000015  7.4000001 -12.4271545  3.35343933  410.48761
  101.699997  7.9000001 -3.96658325  16.1365356  410.48761
  107.800003  7.80000019 -2.3734436  3.99160767  410.48761
  110.199997  7.69999981 -8.61099243  5.06007385  410.48761
  115.5  9. -24.5899658  7.30757141  410.48761
  122.300003  9.10000038  11.8347778  2.60321045  410.48761
  125.800003  8.19999981  8.94662476  5.64364624  410.48761
  132.600006  8.  2.54467773  4.62722778  410.48761
  136.699997  8.10000038  4.57617188  2.7409668  410.48761
  141.300003  7.69999981  5.57907104  2.24206543  410.48761
  145.699997  5.69999981  2.63290405  5.18464661  410.48761
  153.  6.5  17.7241821  16.483017  410.48761
  157.199997  7.80000019  15.7580261  8.41098022  410.48761
  169.399994  7.80000019  19.3956909  7.76101685  410.48761
  172.  7.80000019  20.1278992  3.81907654  410.48761
  178.199997  6.19999981  14.6867371  6.14155579  410.48761
  181.699997  2.29999995  4.63552856  2.50566101  410.48761
  188.399994  3.20000005  17.4859924  3.6599884  410.48761
  192.600006  2.  19.5301514  2.5020752  410.48761
  197.  1.60000002  14.3301086  3.47839355  410.48761
  202.5  1.10000002  13.2302856  4.50692749  410.48761
  207.300003  2.29999995  10.5014038  4.37757874  410.48761
  213.899994  2.5999999  4.78262329  2.62339783  410.48761
  217.199997  3.  2.92657471  2.5315094  410.48761
  222.300003  3.  7.4090271  3.71577454  410.48761
  228.100006  3.0999999  9.96780396  3.48684692  410.48761
  230.699997  2.20000005  10.4715576  14.1196442  410.48761
  238.300003  1.20000005  18.5299072  15.5392914  410.48761
  241.  0.800000012 -5.20227051  7.58581543  410.48761
  246.800003  0.800000012  0.340087891  4.92565918  410.48761
  252.899994  5.5999999 -8.46981812  16.3762054  410.48761
  259.299988  3.79999995  12.398468  9.9881897  410.48761
  262.200012  2.79999995  4.60583496  3.59580994  410.48761
  276.5  1.5  10.6200562  25.0501251  410.48761
  281.799988  4.80000019  6.43423462  10.9979095  410.48761
  288.399994  2.29999995 -3.70635986  22.7649536  410.48761
  293.200012  1.70000005 -8.55429077  9.78131104  410.48761
  296.100006  2.5999999  8.03005981  7.02972412  410.48761
  302.799988  3.9000001  0.487304688  18.4378204  410.48761
  308.200012  2.  2.24975586  19.7642212  410.48761
  314.600006  1.60000002 -2.89639282  3.20184326  410.48761
  316.700012  1.5 -9.65005493  2.30709839  410.48761
  323.399994  3.5 -6.48757935  7.95089722  410.48761
  326.700012  2.79999995 -4.62817383  5.01426697  410.48761
  332.700012  2.9000001 -4.05236816  4.13496399  410.48761
  338.100006  3.29999995  1.07427979  4.00053406  410.48761
  342.799988  1.70000005  10.5014038  9.31842041  410.48761
  348.600006  1.20000005  5.8147583  4.71380615  410.48761
  352.799988  2. -3.82199097  2.82843018  410.48761
  357.299988  3.9000001 -13.0958557  3.43417358  410.48761
  1.89999998  3.5 -20.0215759  7.03691101  410.48761
  5.19999981  2.4000001 -5.48806763  6.34649658  410.48761
  14.6999998  1.70000005 -16.602417  26.6944275  410.48761
  16.7999992  1.39999998 -11.5358276  14.7054901  410.48761
  20.6000004  0.800000012 -4.71499634  6.33830261  410.48761
  44.0999985  3.79999995 -0.335144043  8.53463745  410.48761
  48.2999992  2.70000005 -12.5380859  3.9959259  410.48761
  52.7999992  2.20000005 -7.31134033  2.35319519  410.48761
  56.  2.5 -5.17340088  3.58282471  410.48761
  61.7999992  2.70000005  8.47402954  10.7070007  410.48761
  68.6999969  3.9000001  2.75009155  8.27467346  410.48761
  73.8000031  2.0999999  11.2720337  4.58828735  410.48761
  77.9000015  2.4000001 -0.364715576  3.81135559  410.48761
  82.0999985  0.899999976 -0.915039062  2.08808899  410.48761
  86.5  1. -1.00283813  3.60292053  410.48761
  91.1999969  2. -4.77154541  5.55522156  410.48761
  97.5  2.70000005 -15.0162048  14.2582703  410.48761
  101.099998  1.10000002 -5.51754761  16.0935059  410.48761
  108.199997  4.69999981  2.60327148  3.8646698  410.48761
  110.900002  3.9000001 -4.68603516  6.74052429  410.48761
  116.400002  2.5  0.222473145  22.845108  410.48761
  123.900002  0.600000024 -20.6210938  11.328186  410.48761
  126.599998  2.5999999 -9.22918701  9.24806213  410.48761
  132.800003  3.5999999 -2.63540649  17.8771515  410.48761
  138.  2.5 -1.32409668  14.7273865  410.48761
  142.699997  2.4000001 -1.26593018  7.79718018  410.48761
  146.399994  3.4000001  7.52740479  4.75073242  410.48761
  157.600006  3.0999999  16.2044373  19.590744  410.48761
  162.699997  1.5  1.72073364  8.74864197  410.48761
  167.699997  1.39999998 -3.44577026  14.9459534  410.48761
  173.199997  3.4000001  24.5922852  7.3470459  410.48761
  178.800003  2.0999999 -1.47052002  3.48100281  410.48761
  182.300003 -2.79999995  1.16235352  3.27003479  410.48761
  187.399994 -2.29999995  17.3071899  4.88169861  410.48761
  193.199997 -1.60000002  14.151123  6.16848755  410.48761
  198.199997 -1.79999995  16.7110291  2.35379028  410.48761
  203.100006 -2.79999995  9.90881348  2.74615479  410.48761
  207.300003 -3.29999995  9.58285522  2.24256897  410.48761
  211.899994 -3.9000001 -4.05236816  1.87342834  410.48761
  217.300003 -1.39999998  1.51483154  2.47994995  410.48761
  221.899994 -2.20000005  1.60299683  3.30186462  410.48761
  227.399994 -2.4000001  10.2640381  4.64346313  410.48761
  231. -1.70000005  6.61196899  5.21897888  410.48761
  238.399994 -1.29999995  19.8296814  16.125946  410.48761
  241.300003 -1.10000002  3.25061035  12.1186981  410.48761
  246.699997 -1.60000002 -3.76382446  4.40036011  410.48761
  257.200012 -5.80000019 -16.7131958  16.1218109  410.48761
  263.700012 -3.79999995  3.66308594  4.66369629  410.48761
  266.200012 -4.0999999  6.37609863  4.36174011  410.48761
  272.600006 -2.79999995  12.0133667  20.6443481  410.48761
  276.700012 -3.4000001  8.47402954  4.87219238  410.48761
  289.299988 -2.79999995 -7.70733643  32.6118011  410.48761
  292.899994 -1.79999995 -3.15701294  9.39143372  410.48761
  297.100006 -2.9000001  6.34637451  11.5812073  410.48761
  301.799988 -3.9000001 -7.67953491  13.6223297  410.48761
  308.399994 -3.5999999  8.62161255  4.31118774  410.48761
  313.600006 -2.5  8.17755127  3.21577454  410.48761
  317.600006 -2.0999999  0.457702637  2.76754761  410.48761
  321. -3.4000001  0.281646729  4.13916016  410.48761
  327.299988 -0.800000012  5.87350464  4.68466187  410.48761
  332.299988 -2.70000005 -3.56155396  4.31748962  410.48761
  338.200012 -2.0999999  12.7252808  5.51499939  410.48761
  343.100006 -1.39999998  23.8117065  8.99180603  410.48761
  348. -1.20000005  16.2344055  7.25231934  410.48761
  352.600006 -1.5  0.164031982  3.14569092  410.48761
  356.700012 -2.79999995 -2.43197632  4.56918335  410.48761
  3.4000001 -3.0999999 -1.96582031  7.17562866  410.48761
  6.4000001 -3.  7.4090271  3.92274475  410.48761
  12.1000004 -2.0999999 -0.276031494  14.9836884  410.48761
  17.2999992 -1.20000005  5.07751465  27.4116516  410.48761
  21.7999992 -2.4000001  8.79898071  18.522934  410.48761
  26. -3.5 -2.43197632  28.9610901  410.48761
  43. -4.4000001 -6.94311523  7.93875122  410.48761
  48.5999985 -2.9000001 -10.2367249  3.00421143  410.48761
  51.5999985 -1.39999998 -8.69537354  2.79528809  410.48761
  57.9000015 -0.800000012  3.33956909  6.44348145  410.48761
  61.5 -1.10000002  9.03604126  26.7006683  410.48761
  70.6999969 -2.79999995 -10.2648621  3.34109497  410.48761
  73.0999985 -2.9000001 -1.9085083  3.56297302  410.48761
  78. -0.899999976  8.08889771  4.2204895  410.48761
  83.3000031 -1.5 -2.34481812  1.9599762  410.48761
  86.0999985 -2.4000001 -1.93649292  2.98175049  410.48761
  91.4000015 -3.4000001 -1.17825317  5.69020081  410.48761
  99.5999985 -2.9000001  0.310516357  3.93490601  410.48761
  101.199997 -3.5999999  1.0453186  4.14677429  410.48761
  109.099998 -2.5999999  2.78042603  2.41331482  410.48761
  112.400002 -3.70000005  0.838897705  12.8317261  410.48761
  118.5 -3.70000005  9.24328613  14.3891449  410.48761
  122.900002 -2.79999995 -10.3484802  10.3313599  410.48761
  125.900002 -3.79999995 -8.83636475  7.44470215  410.48761
  133.199997 -4.0999999 -9.81719971  15.8462982  410.48761
  136.800003 -4.4000001 -6.14584351  7.989151  410.48761
  142.600006 -0.800000012 -8.80804443  10.4603882  410.48761
  146.199997 -1.29999995  4.25238037  12.8705292  410.48761
  155. -3.9000001  7.29071045  8.30505371  410.48761
  157.800003 -4.0999999 -3.07019043  4.78894043  410.48761
  162.399994 -4.5  2.42684937  17.4896393  410.48761
  168.600006 -3.0999999 -3.21536255  9.33232117  410.48761
  172.800003 -4.19999981  2.36761475  3.45181274  410.48761
  177.600006 -2.70000005 -7.25491333  2.58004761  410.48761
  182.600006 -7. -0.915039062  5.57969666  410.48761
  186.399994 -7.30000019  2.75009155  14.4198761  410.48761
  193.100006 -7.19999981 -13.8752136  18.6946564  410.48761
  198.800003 -8.  14.89505  4.69274902  410.48761
  203.399994 -7.4000001  8.08889771  2.97866821  410.48761
  208.399994 -7.4000001  0.986175537  1.97883606  410.48761
  212. -7.30000019 -1.61618042  2.14123535  410.48761
  217.600006 -7.30000019  1.69180298  3.82957458  410.48761
  223.399994 -7.69999981  5.2543335  3.09700012  410.48761
  227.600006 -7.5999999  11.5387878  3.69944763  410.48761
  232.399994 -8.19999981  11.8945312  4.70967102  410.48761
  236.899994 -8.19999981  7.8527832  2.09103394  410.48761
  244.600006 -7.5999999 -4.45574951  1.75534058  410.48761
  256.200012 -7.69999981 -13.9032593  15.3756256  410.48761
  258.399994 -7.69999981 -3.5039978  10.0410004  410.48761
  262.799988 -7.19999981  9.90881348  3.87200928  410.48761
  269.5 -6.9000001  9.90881348  26.5614624  410.48761
  275.100006 -8.60000038  5.28405762  2.77204895  410.48761
  279.299988 -8.19999981  0.5753479  1.71408081  410.48761
  284.100006 -8.5  14.4192505  3.03291321  410.48761
  286.899994 -8.60000038  13.9728699  13.5424652  410.48761
  294.399994 -6.0999999 -12.7892456  7.53427124  410.48761
  299.600006 -6.69999981 -6.08901978  15.185257  410.48761
  305.700012 -7.9000001 -9.17269897  12.6604004  410.48761
  309.799988 -8.30000019 -1.93649292  3.5914917  410.48761
  313.600006 -8.19999981  5.37246704  2.034729  410.48761
  319.399994 -7.5  9.1836853  2.15278625  410.48761
  323.399994 -8.19999981  5.46090698  3.06785583  410.48761
  329.799988 -8. -5.68835449  5.45471191  410.48761
  333.5 -7.9000001 -4.65710449  7.42868042  410.48761
  338.799988 -6.80000019  18.3215637  14.6111755  410.48761
  344.700012 -8.10000038  17.4566345  16.2101898  410.48761
  350.700012 -6.19999981  14.2110291  18.9797211  410.48761
  354.799988 -5.5999999  16.5623474  5.89178467  410.48761
  359.700012 -6.30000019  5.2543335  9.25111389  410.48761
  4.69999981 -6.0999999 -2.89639282  12.6940613  410.48761
  8.39999962 -5.69999981  4.39941406  6.27835083  410.48761
  24.7000008 -7.80000019  4.63552856  40.9026489  410.48761
  31.6000004 -9.19999981  4.42910767  44.8817902  410.48761
  33.0999985 -9.10000038 -2.34481812  32.2075958  410.48761
  42.0999985 -6.69999981 -1.38296509  7.36216736  410.48761
  45.5999985 -7.5 -4.8576355  6.67851257  410.48761
  50.5 -7.30000019 -2.16973877  7.71789551  410.48761
  55.0999985 -8.89999962  3.01483154  5.8911438  410.48761
  61.2999992 -9.10000038 -8.94833374  5.3653717  410.48761
  66.8000031 -9.19999981  0.192932129  2.56137085  410.48761
  72.0999985 -7.19999981 -2.95413208  2.94020081  410.48761
  76. -8.  3.22164917  3.89682007  410.48761
  81.4000015 -6.  3.66308594  3.7993927  410.48761
  87.1999969 -7.0999999 -3.59066772  3.68238831  410.48761
  90.5 -8.19999981  5.93295288  3.15760803  410.48761
  96. -7.0999999 -2.98330688  6.80604553  410.48761
  101. -6.19999981  1.19195557  4.03067017  410.48761
  106.599998 -9.19999981  11.3310852  33.8479309  410.48761
  111.900002 -8.19999981  6.55245972  10.1499176  410.48761
  116. -8. -2.63540649  11.7830658  410.48761
  123. -6.0999999  6.40585327  4.30238342  410.48761
  127. -6.69999981  0.5753479  4.92863464  410.48761
  132.100006 -7.69999981 -5.43170166  7.43635559  410.48761
  135.300003 -7.30000019 -6.54425049  4.39154053  410.48761
  141.800003 -8.39999962  0.369689941  3.52635193  410.48761
  146. -10.3999996 -6.63021851  3.498703  410.48761
  154.100006 -6.5999999  1.66217041  6.16712952  410.48761
  157.899994 -7.5 -5.14523315  5.92648315  410.48761
  163.199997 -7.4000001  0.721221924  10.3148956  410.48761
  167.300003 -7.30000019 -2.19906616  3.35629272  410.48761
  172.800003 -7.69999981  3.63342285  3.65170288  410.48761
  176.300003 -7.30000019  1.33859253  7.18041992  410.48761
  182.199997 -13.5 -6.34481812  2.99168396  410.48761
  187. -12.3000002 -1.44110107  5.13577271  410.48761
  194. -13.  13.1119995  15.2326202  410.48761
  199.699997 -12.1999998  13.4682617  3.44577026  410.48761
  203.899994 -12.1000004  11.0345459  2.06739807  410.48761
  208.199997 -12.8999996  10.1162415  2.51040649  410.48761
  213.5 -13.3999996  10.59021  2.2147522  410.48761
  217.899994 -13.8000002  7.32043457  1.92021179  410.48761
  223.199997 -12.6000004  4.98910522  2.74163818  410.48761
  229. -12.8000002  2.60327148  3.06010437  410.48761
  232.5 -13.1000004 -0.335144043  4.07356262  410.48761
  239.199997 -14.8000002  4.39941406  7.12965393  410.48761
  244.5 -12.6999998  9.82003784  5.11506653  410.48761
  255.800003 -11. -5.80282593  10.3473816  410.48761
  259.700012 -10.6000004  2.07342529  4.50616455  410.48761
  263. -10.8999996  11.7458191  3.40345764  410.48761
  272.899994 -14.  1.54443359  8.65827942  410.48761
  275.799988 -14.3000002  1.13342285  7.5256958  410.48761
  279.299988 -13.3999996  4.01635742  4.92988586  410.48761
  285. -12.1000004  8.32580566  10.7636871  410.48761
  288.700012 -12.1999998 -10.1530457  17.4964142  410.48761
  295.799988 -11.8000002 -0.423126221  22.3581085  410.48761
  302. -12.3000002 -3.67727661  4.25756836  410.48761
  307.200012 -11.6000004 -0.82723999  4.33229065  410.48761
  311.399994 -12.3000002 -4.02398682  2.2197876  410.48761
  315.799988 -12.8000002 -4.08206177  2.39230347  410.48761
  321.100006 -12.6999998  4.1053772  2.41581726  410.48761
  325.700012 -12.5 -4.34048462  2.76303101  410.48761
  330.100006 -12.1999998  0.0168762207  4.80555725  410.48761
  337.299988 -12.8999996 -3.67727661  22.9957886  410.48761
  340.600006 -13.3999996 -1.47052002  18.349884  410.48761
  346.299988 -12. -16.5463867  11.5140381  410.48761
  359.100006 -12.8999996 -6.57290649  15.3773956  410.48761
  2. -12.8000002 -17.2695312  20.5272217  410.48761
  6.5 -11.6000004  5.93295288  27.0703583  410.48761
  23.2999992 -13.1000004  5.7850647  36.411972  410.48761
  28.8999996 -11.6999998  5.22463989  45.7702179  410.48761
  33.2000008 -11.1999998  25.4333801  53.149704  410.48761
  39.7999992 -13.3999996  3.30993652  5.48371887  410.48761
  44.7000008 -12.3999996 -1.64556885  6.83761597  410.48761
  48.5999985 -13. -2.02450562  7.83618164  410.48761
  55. -13.3999996 -6.11709595  8.53341675  410.48761
  59.5 -14. -12.1759949  9.73498535  410.48761
  64.0999985 -13.1999998 -3.18618774  2.28749084  410.48761
  69.3000031 -13.  2.04443359  2.1468811  410.48761
  74.8000031 -12.8999996  7.37994385  9.39639282  410.48761
  79.5 -13.  2.10302734  11.8543243  410.48761
  85.9000015 -12.3000002  0.986175537  3.67762756  410.48761
  90. -11.8999996  5.01812744  3.36091614  410.48761
  93.3000031 -11.1999998  3.16235352  5.77496338  410.48761
  101.699997 -12.3999996  10.2932129  8.28726196  410.48761
  106.099998 -11.6000004 -1.70431519  5.59388733  410.48761
  109.699997 -10.8999996 -4.22515869  4.59223938  410.48761
  114.400002 -10. -4.88653564  5.03671265  410.48761
  121.099998 -11.6999998  3.81005859  23.4393158  410.48761
  124.900002 -10.6999998  1.51483154  19.9396362  410.48761
  131.800003 -11.  3.25061035  12.8993683  410.48761
  135.100006 -13.  16.9790344  5.74468994  410.48761
  143. -11.3000002 -2.05316162  5.9339447  410.48761
  147.100006 -12. -14.6263733  2.14328003  410.48761
  151.600006 -13.6000004 -12.566803  3.60455322  410.48761
  158.399994 -12.5  5.8444519  20.94104  410.48761
  162. -12.  0.192932129  16.2083893  410.48761
  167.399994 -11.6000004 -1.20703125  4.09518433  410.48761
  171.5 -12.1000004  9.03604126  5.31896973  410.48761
  176.899994 -12.  14.151123  3.7459259  410.48761
  183. -16.7999992 -5.63143921  9.11961365  410.48761
  188.300003 -17.5 -3.47491455  4.98210144  410.48761
  193.800003 -18.3999996  20.4269104  3.87979126  410.48761
  198.100006 -17.7000008  16.2937317  2.97836304  410.48761
  204.699997 -16.3999996  8.68118286  4.16313171  410.48761
  209.300003 -16.8999996  12.0724487  3.25642395  410.48761
  214.5 -17.2999992  15.4303284  2.44067383  410.48761
  218.300003 -17.3999996  9.64181519  1.65077209  410.48761
  223. -17.8999996  8.70965576  2.71388245  410.48761
  229.5 -17.2999992  5.7850647  2.4788208  410.48761
  234.5 -17.2000008  0.5753479  3.0022583  410.48761
  239.199997 -18.1000004  3.5451355  7.14833069  410.48761
  243.5 -17.8999996 -3.04101562  12.3448029  410.48761
  261. -18.8999996  0.487304688  3.76127625  410.48761
  274.200012 -16.1000004  1.16235352  10.6733856  410.48761
  276. -15.8999996 -7.25491333  5.40090942  410.48761
  281.399994 -16.  2.6914978  4.12962341  410.48761
  285.200012 -16.  8.03005981  17.0424652  410.48761
  290.799988 -17.2999992  21.14505  18.557312  410.48761
  304.799988 -18.1000004  2.54467773  7.25140381  410.48761
  309. -16.7000008 -2.31555176  2.45491028  410.48761
  313.100006 -16.7000008 -2.7802124  3.0582428  410.48761
  317.5 -16.5  0.134460449  2.7653656  410.48761
  322.200012 -16.3999996 -0.0422668457  2.8807373  410.48761
  327.899994 -16.3999996 -3.09936523  13.9518127  410.48761
  332.899994 -18.2999992 -11.925415  28.4144897  410.48761
  338.600006 -16.2999992 -15.405365  24.3287964  410.48761
  342. -16.7999992 -8.69537354  13.5052032  410.48761
  350.399994 -18.7000008 -2.83798218  13.5862122  410.48761
  360. -15.8999996 -20.1601562  6.34222412  410.48761
  4.19999981 -17.6000004 -12.1205444  38.7131042  410.48761
  10.6000004 -17.3999996 -10.6435547  13.4174805  410.48761
  16.5 -17.8999996 -4.45574951  26.4531097  410.48761
  31.7999992 -17.7000008 -3.47491455  15.720871  410.48761
  37.4000015 -17.2000008 -4.36947632  4.99134827  410.48761
  40.7999992 -16.2000008 -5.17340088  5.3735199  410.48761
  47.7999992 -17. -0.768249512  5.26245117  410.48761
  52.7000008 -18.  2.86798096  10.8335876  410.48761
  58.2999992 -17.1000004 -8.83636475  11.6612549  410.48761
  62.2000008 -16.5 -1.41171265  4.35319519  410.48761
  68.0999985 -16.5 -0.0126953125  3.23173523  410.48761
  72.9000015 -16.8999996  4.9303894  3.65620422  410.48761
  78.0999985 -17.1000004  3.86935425  13.8138885  410.48761
  83.6999969 -16.5  9.67160034  4.75961304  410.48761
  89.1999969 -18.3999996  8.38467407  3.83744812  410.48761
  92.1999969 -18.  3.63342285  4.63424683  410.48761
  98.0999985 -16.6000004  6.22814941  14.7483826  410.48761
  103.699997 -14.1999998  10.7679138  8.11302185  410.48761
  122.199997 -17.3999996 -0.481567383  4.15837097  410.48761
  123.900002 -18.2999992  1.22155762  7.14909363  410.48761
  129.199997 -18.8999996 -4.45574951  25.6177368  410.48761
  135.600006 -16.7999992  1.51483154  4.0919342  410.48761
  142.100006 -18.2999992  12.5771484  14.1269684  410.48761
  147.699997 -18.7999992  5.57907104  4.12232971  410.48761
  150.399994 -18.2999992 -2.22833252  5.35313416  410.48761
  156.100006 -17.8999996  8.23712158  25.9984283  410.48761
  161.399994 -16.1000004 -9.42565918  11.1010132  410.48761
  167.399994 -14.3999996 -11.0900574  8.78630066  410.48761
  173.199997 -15.6000004  3.16235352  18.3530426  410.48761
  177.699997 -16.7000008 -14.9608154  8.91923523  410.48761
  181.600006 -23. -19.2711487  5.56590271  410.48761
  187.300003 -22.7999992  5.10653687  3.83360291  410.48761
  195.300003 -21.2000008  13.9143982  4.95559692  410.48761
  199.100006 -22.2999992  10.7089233  5.05976868  410.48761
  203.399994 -22.2999992  4.57617188  4.42111206  410.48761
  211.100006 -21.7999992  17.9931335  6.28817749  410.48761
  215.399994 -21.2000008  11.687439  3.462677  410.48761
  219.399994 -21.7000008  12.5771484  2.43440247  410.48761
  225.100006 -21.2000008  10.2342224  3.93244934  410.48761
  230.5 -21.7000008  12.1322021  4.26512146  410.48761
  236.699997 -21.2000008  5.43121338  14.1153564  410.48761
  240.300003 -21.7999992 -5.97473145  4.74667358  410.48761
  248.100006 -22. -10.3204041  17.6907654  410.48761
  259. -23.2000008 -7.25491333  3.66665649  410.48761
  261.600006 -22.8999996 -6.80072021  6.54049683  410.48761
  274.200012 -18.2999992 -4.36947632  3.13711548  410.48761
  302.100006 -21.7000008  8.59249878  3.89706421  410.48761
  306.399994 -21.  3.1920166  19.4234619  410.48761
  312.100006 -20.8999996  1.19195557  5.14025879  410.48761
  317.200012 -22.3999996 -1.79174805  3.24510193  410.48761
  322.299988 -22.5 -8.27304077  2.60295105  410.48761
  325.799988 -23.3999996 -12.3155823  1.75447083  410.48761
  334.200012 -22.5  8.32580566  23.2714539  410.48761
  338.600006 -23.2000008 -10.6435547  7.06350708  410.48761
  344.299988 -23.2000008 -6.2026062  15.640625  410.48761
  349.600006 -23.6000004  5.52032471  12.49646  410.48761
  352.799988 -21.2999992 -5.97473145  6.16230774  410.48761
  12.3999996 -22.7000008 -9.03259277  15.4699249  410.48761
  15.3999996 -23.8999996 -5.68835449  5.36860657  410.48761
  22.7999992 -23.5 -11.8699341  6.73020935  410.48761
  26.2999992 -23.6000004 -2.40270996  4.97393799  410.48761
  31.3999996 -23.7999992 -1.58746338  5.88529968  410.48761
  38.2000008 -23.3999996 -5.63143921  5.59866333  410.48761
  43.7000008 -24.3999996 -21.1487122  8.06184387  410.48761
  48.2000008 -22.7999992 -7.31134033  6.42723083  410.48761
  53.9000015 -21.7999992 -1.93649292  4.46107483  410.48761
  59.0999985 -22.1000004  3.5161438  4.42767334  410.48761
  64.8000031 -22.8999996  1.19195557  3.67953491  410.48761
  68.8000031 -23.2000008 -1.29470825  11.3068542  410.48761
  74.8000031 -22.2999992  10.7977905  6.0980835  410.48761
  80.3000031 -22.8999996  9.8789978  7.2772522  410.48761
  86.8000031 -21.3999996  13.7062378  6.61152649  410.48761
  90.9000015 -22.1000004  12.1912842  7.40371704  410.48761
  94.5999985 -21.3999996  9.1836853  8.48703003  410.48761
  103.199997 -25.  11.2123413  27.7242584  410.48761
  105.199997 -24.3999996  31.6390076  19.3672638  410.48761
  117.5 -23.1000004  4.75357056  3.00689697  410.48761
  124.699997 -20.2999992  12.9338989  21.2324829  410.48761
  128.199997 -20.6000004  32.1228943  44.9035034  410.48761
  135.399994 -22.7999992 -4.08206177  6.3184967  410.48761
  141.800003 -24.6000004  1.98590088  5.35372925  410.48761
  145.5 -22.2000008  11.6276855  6.16201782  410.48761
  149.5 -20.7999992  5.10653687  5.18266296  410.48761
  156.300003 -22. -1.06176758  12.9518585  410.48761
  159.199997 -22.3999996 -4.19613647  6.66752625  410.48761
  178.899994 -22.6000004 -24.8953552  6.22532654  410.48761
  183.5 -27.1000004 -6.91387939  9.11224365  410.48761
  186.899994 -28. -1.03231812  10.8543243  410.48761
  195.600006 -25.2000008 -2.16973877  2.95011902  410.48761
  200.699997 -26.  9.90881348  4.25631714  410.48761
  204.5 -27.7000008  17.4566345  15.9120789  410.48761
  211.800003 -26.6000004  5.34277344  18.9818878  410.48761
  218.199997 -27.7999992  7.43878174  3.74530029  410.48761
  221.800003 -28.2000008  11.6276855  3.31483459  410.48761
  226.399994 -28.7999992  2.42684937  9.75099182  410.48761
  232.100006 -27.8999996  5.4906311  19.1900787  410.48761
  238.699997 -27.1000004 -10.0693054  23.0001984  410.48761
  249.899994 -27.3999996  17.2471313  5.41886902  410.48761
  257.100006 -27.2999992 -8.16003418  24.2190704  410.48761
  261.100006 -26.3999996 -11.8144836  10.2561035  410.48761
  314. -25.2999992 -12.2601318  3.8855896  410.48761
  319.5 -25.6000004 -11.0065002  7.65176392  410.48761
  323.600006 -26.7999992 -12.4832458  2.43209839  410.48761
  328.299988 -28.5 -18.0204163  3.92785645  410.48761
  334.299988 -27.6000004 -9.59362793  24.7406616  410.48761
  340.100006 -27.7000008 -4.82870483  3.73274231  410.48761
  346.299988 -28.1000004 -5.08746338  3.18307495  410.48761
  350.799988 -28.1000004  3.72174072  8.20330811  410.48761
  14.8000002 -26.7000008 -10.8667908  7.03094482  410.48761
  18.8999996 -26.7999992 -9.70578003  3.00946045  410.48761
  25.7999992 -26.6000004 -8.69537354  2.96513367  410.48761
  29.2999992 -27.7000008 -8.44143677  6.14328003  410.48761
  37.2000008 -27.1000004 -14.4320679  12.7500153  410.48761
  43.4000015 -27.2000008 -9.90109253  3.54216003  410.48761
  46.7999992 -27.8999996 -4.13876343  3.11209106  410.48761
  53.2000008 -26.7000008 -10.2648621  3.03225708  410.48761
  59.7999992 -27.7999992 -5.63143921  3.66017151  410.48761
  65.5 -27.3999996 -3.12783813  3.14056396  410.48761
  69.5999985 -27.5 -0.915039062  6.47654724  410.48761
  75.5 -27.2000008 -5.54568481  4.8772583  410.48761
  81.0999985 -25.3999996 -1.20703125  8.95103455  410.48761
  88.5 -28.3999996  18.4104004  13.7756958  410.48761
  92.6999969 -29.2000008  14.4491882  3.98478699  410.48761
  96.8000031 -29.  12.2510681  4.53285217  410.48761
  103.800003 -27.2999992 -3.5039978  18.9782562  410.48761
  108.699997 -29.2999992  8.59249878  42.9380798  410.48761
  115.199997 -29.5 -7.90539551  2.72135925  410.48761
  121.099998 -28.5 -4.05236816  3.52975464  410.48761
  126. -28.7000008 -7.93383789  4.98817444  410.48761
  132. -28.5 -13.7356873  10.3527985  410.48761
  140.199997 -26.8999996  6.13964844  12.249054  410.48761
  142.600006 -26.2999992  8.00027466  5.99449158  410.48761
  148.199997 -27.2000008  17.0984192  12.0013428  410.48761
  155.899994 -24.1000004  0.750793457  9.36328125  410.48761
  158.699997 -25. -4.45574951  8.4655304  410.48761
  179.5 -26.1000004 -23.5637512  6.69552612  410.48761
  184.199997 -31.7000008 -16.602417  11.5404968  410.48761
  186.5 -31. -13.2073975  10.7056732  410.48761
  196.699997 -33.9000015 -4.05236816  19.9365997  410.48761
  200. -33.  7.37994385  19.3484497  410.48761
  206.399994 -31.8999996  9.67160034  14.5153198  410.48761
  214.5 -33.7000008  6.55245972  2.53962708  410.48761
  218.399994 -31.2999992  4.66452026  3.1837616  410.48761
  225.199997 -31.2000008  4.42910767  3.38883972  410.48761
  230.600006 -33.7999992  8.88769531  2.83282471  410.48761
  233.199997 -34.5  11.7756958  3.64082336  410.48761
  240.600006 -31.5 -15.4888  20.0996857  410.48761
  277.899994 -31.5  7.55715942  12.3011627  410.48761
  326.399994 -31.6000004 -8.07537842  5.09916687  410.48761
  329.200012 -31.3999996 -15.795105  4.90473938  410.48761
  335.700012 -31.3999996 -8.18844604  8.96296692  410.48761
  343.700012 -30.8999996 -2.519104  3.87307739  410.48761
  348.600006 -31. -2.7802124  6.83973694  410.48761
  354.299988 -32.4000015 -0.217590332  3.57920837  410.48761
  359. -32.7000008  3.22164917  19.1063995  410.48761
  18.7000008 -32.2000008 -13.5406799  11.2656708  410.48761
  24.7999992 -32.0999985 -10.2367249  5.76791382  410.48761
  30.1000004 -32.9000015 -13.6241455  4.63293457  410.48761
  35.2000008 -33.5 -16.8519592  5.82122803  410.48761
  41.5999985 -32.9000015 -6.80072021  21.5926208  410.48761
  46. -31.3999996 -3.5039978  15.3179932  410.48761
  51.2999992 -32.7000008 -14.5435486  12.7470856  410.48761
  61.4000015 -32.2999992 -7.82061768  4.05322266  410.48761
  65.1999969 -32.0999985 -4.74325562  3.21762085  410.48761
  69.8000031 -32.2999992 -5.74594116  3.65800476  410.48761
  76. -32.2000008 -7.87756348  3.45707703  410.48761
  85.6999969 -32.9000015  2.48544312  6.14837646  410.48761
  89.1999969 -32.4000015  10.2932129  3.60652161  410.48761
  94.0999985 -32.5  19.590332  2.7408905  410.48761
  97.9000015 -32.9000015  20.6958923  2.56491089  410.48761
  106. -33.9000015  13.7953491  3.00161743  410.48761
  112.300003 -33.5999985  4.9593811  7.4581604  410.48761
  117.5 -33.  2.92657471  3.60112  410.48761
  123.099998 -32.7000008  1.66217041  6.19615173  410.48761
  130.699997 -32.0999985 -13.0117188  19.4951019  410.48761
  135.100006 -32.7999992 -10.3484802  16.1725922  410.48761
  142.100006 -30.2000008  15.3118286  28.5960083  410.48761
  146.199997 -31.  4.36972046  10.111618  410.48761
  167.199997 -32.9000015 -15.2391357  19.107605  410.48761
  170.5 -33.  8.47402954  32.4045868  410.48761
  177.5 -34.2000008 -26.9750061  7.55236816  410.48761
  182. -35.2999992 -20.3267517  3.11956787  410.48761
  198.100006 -36.5 -0.158477783  15.5345001  410.48761
  201.300003 -38.  5.4906311  4.32896423  410.48761
  209.300003 -37.7999992  7.4090271  4.07052612  410.48761
  214.699997 -35.9000015  5.19561768  2.15286255  410.48761
  220.5 -36. -6.14584351  14.2063904  410.48761
  229.800003 -35.9000015  7.91165161  5.75717163  410.48761
  232.899994 -36.7999992  17.1577759  3.09288025  410.48761
  237.399994 -38.7000008  7.49832153  13.7922821  410.48761
  244.199997 -39.5999985  21.8630981  27.3304291  410.48761
  265.700012 -39.4000015 -9.45385742  13.3961945  410.48761
  268.799988 -37. -16.7685547  13.8879089  410.48761
  279. -36.0999985 -4.48471069  14.0805054  410.48761
  317.200012 -38.7000008  8.47402954  13.9316101  410.48761
  322.600006 -38.9000015 -5.97473145  6.1338501  410.48761
  328.100006 -37.2999992 -9.3973999  3.26628113  410.48761
  333. -35.7999992 -10.6716003  4.60345459  410.48761
  348.600006 -38.2999992  1.72073364  9.09706116  410.48761
  354.899994 -38.5  11.3908081  20.2723846  410.48761
  359. -36.  3.5161438  3.91651917  410.48761
  13. -38.5 -9.28509521  18.3490295  410.48761
  19.7999992 -37.9000015 -12.2875671  23.8671875  410.48761
  25.6000004 -37. -6.57290649  12.2153015  410.48761
  32.5999985 -38.4000015 -18.9092102  6.48420715  410.48761
  37.2999992 -37.7999992 -9.00494385  4.7976532  410.48761
  43.4000015 -37.7999992 -13.3737183  4.66221619  410.48761
  50.9000015 -37.0999985 -27.0029297  6.94245911  410.48761
  55.7000008 -37.7999992 -11.1180725  14.2325134  410.48761
  63.7999992 -35.4000015 -4.28314209  5.36697388  410.48761
  69.9000015 -37.0999985 -6.91387939  2.72671509  410.48761
  75. -37.2000008 -3.0118103  6.23054504  410.48761
  84.8000031 -36.4000015 -7.90539551  4.53460693  410.48761
  89.1999969 -36.2999992 -10.3204041  4.24162292  410.48761
  94.5999985 -36.7999992  1.33859253  15.7288208  410.48761
  100.099998 -37.4000015  13.438324  4.35954285  410.48761
  109. -37.2999992 -1.41171265  7.85166931  410.48761
  111.900002 -37.5 -9.70578003  6.59991455  410.48761
  118.900002 -37.7999992 -3.64883423  5.49638367  410.48761
  124.400002 -37.7000008  5.54934692  25.7692413  410.48761
  133.100006 -38.0999985 -8.66705322  13.4199066  410.48761
  135.699997 -36.5 -6.48757935  22.8403015  410.48761
  154.300003 -38.7999992 -3.15701294  23.8798981  410.48761
  156.800003 -38.7000008 -20.7876587  21.1330261  410.48761
  163.600006 -38.4000015 -12.9562378  9.09451294  410.48761
  170.699997 -37.  2.95620728  28.742981  410.48761
  176.399994 -37.0999985 -16.7131958  7.16569519  410.48761
  200.600006 -41.7000008  8.05914307  8.47853088  410.48761
  204.199997 -43.  7.32043457  8.7769165  410.48761
  209.699997 -41.5  4.01635742  10.2501678  410.48761
  216.899994 -42.5 -13.0117188  13.5181732  410.48761
  225.699997 -44.0999985 -4.74325562  6.99627686  410.48761
  231.5 -42.7000008  1.72073364  3.77110291  410.48761
  236.5 -42.2999992  5.66751099  3.51072693  410.48761
  244. -43.7000008  9.24328613  3.60328674  410.48761
  250.699997 -43.5999985  0.369689941  5.12991333  410.48761
  257.399994 -44.0999985 -5.43170166  6.49116516  410.48761
  264.799988 -42.5 -6.57290649  24.3037567  410.48761
  269.399994 -42.2999992 -13.5132751  27.6359711  410.48761
  277.399994 -43.7000008 -15.8511353  12.6301575  410.48761
  302.100006 -43.7000008 -15.3219299  4.28555298  410.48761
  304.799988 -43.5 -18.2424927  3.84422302  410.48761
  312. -42. -12.8166504  14.9519348  410.48761
  319.899994 -41.5  5.40219116  3.74584961  410.48761
  324.100006 -42.2000008 -6.8293457  5.21173096  410.48761
  335.5 -43.5 -6.54425049  3.92694092  410.48761
  338.700012 -43.5 -2.16973877  5.72935486  410.48761
  353. -41.5  21.025238  14.4972839  410.48761
  356.5 -41.2999992  15.2525635  16.9591675  410.48761
  21.1000004 -41.  4.78262329  28.5016937  410.48761
  28.5 -42.2000008 -11.980896  24.4513245  410.48761
  33.5999985 -41.5 -16.1287537  8.03536987  410.48761
  42. -42.7000008 -9.50967407  3.77282715  410.48761
  47.7999992 -43.2999992 -12.0370178  3.1870575  410.48761
  53.4000015 -43.2000008 -4.13876343  2.42030334  410.48761
  60. -42.4000015  1.27941895  7.17938232  410.48761
  67.9000015 -42.2999992 -0.100708008  3.34747314  410.48761
  75.9000015 -42.9000015  1.51483154  6.28178406  410.48761
  79.0999985 -43.  3.98736572  5.28279114  410.48761
  91.1999969 -41.2999992 -24.7842407  6.6693573  410.48761
  94.8000031 -42.2999992 -21.8147888  3.14537048  410.48761
  101. -43.4000015  0.5753479  9.73439026  410.48761
  107.800003 -40.0999985 -11.1448669  25.9175415  410.48761
  116.400002 -40.4000015  2.75009155  7.72143555  410.48761
  121.5 -41.5 -1.29470825  11.3068542  410.48761
  127.300003 -43.0999985  6.87756348  8.44906616  410.48761
  143.600006 -42.7000008 -15.9625854  11.6088867  410.48761
  150.399994 -43.0999985 -6.65820312  7.77462769  410.48761
  156.100006 -42.2000008 -9.20092773  15.1791534  410.48761
  162.399994 -43.7000008  3.1920166  15.1271362  410.48761
  170.699997 -42.7000008  6.02142334  11.5461884  410.48761
  175.899994 -42.0999985 -0.82723999  20.2675781  410.48761
  181.5 -48.2000008 -11.3406677  29.2135925  410.48761
  192.800003 -49.7000008  10.1752625  21.7473602  410.48761
  201.899994 -47.5  29.1990051  11.1050873  410.48761
  204.5 -47.7999992  26.8773193  7.25079346  410.48761
  214.100006 -48.2999992  7.0553894  5.01409912  410.48761
  222.800003 -48.5  4.31106567  8.32928467  410.48761
  226.899994 -47.2999992  6.64102173  6.19372559  410.48761
  233.399994 -45.7999992  0.516204834  6.78868103  410.48761
  242.899994 -45.5999985  5.13623047  5.15309143  410.48761
  251.199997 -46. -8.1038208  5.49615479  410.48761
  257.799988 -47. -1.79174805  7.20845032  410.48761
  265.100006 -48.0999985  5.52032471  6.04003906  410.48761
  272.299988 -47.7999992  0.956542969  6.67999268  410.48761
  278.5 -47.4000015 -0.364715576  17.8320007  410.48761
  287.700012 -49.2000008 -14.4594727  16.6764069  410.48761
  295.600006 -48. -17.5469971  18.1210632  410.48761
  302.100006 -48.5999985 -4.54196167  5.33189392  410.48761
  308.200012 -48.9000015 -5.28817749  8.04130554  410.48761
  316.299988 -47.2999992  5.07751465  27.4409027  410.48761
  322.799988 -46.9000015 -1.32409668  22.5076294  410.48761
  331.700012 -47.9000015 -11.4516296  4.06018066  410.48761
  336.700012 -45.7999992 -4.8576355  11.9521027  410.48761
  25.2999992 -47.2999992 -6.4302063  15.3245544  410.48761
  28.3999996 -46.0999985 -3.59066772  14.3093567  410.48761
  39.0999985 -46.2999992 -1.70431519  21.7432251  410.48761
  45.5999985 -47.5999985 -17.5196228  6.18078613  410.48761
  50.9000015 -48.0999985 -4.48471069  2.27220154  410.48761
  57.0999985 -48.2999992 -2.28625488  3.96376038  410.48761
  64.8000031 -47.2000008  1.27941895  3.00657654  410.48761
  76.3000031 -44.9000015  0.898071289  7.60816956  410.48761
  82.1999969 -47.7999992 -7.50979614  3.66175842  410.48761
  88.5 -49. -25.5612488  2.24623108  410.48761
  94.8000031 -46.9000015 -18.5485229  3.73312378  410.48761
  102.699997 -47.2999992  3.42785645  15.7991791  410.48761
  106.099998 -47.9000015  2.309021  20.7778015  410.48761
  125.5 -47.5  17.8436279  6.46586609  410.48761
  130.199997 -49.0999985  7.64575195  3.36140442  410.48761
  148.100006 -47.9000015  6.64102173  19.7544403  410.48761
  153. -45.5  3.39822388  13.9430847  410.48761
  162.399994 -45.2999992 -2.66400146  16.8409271  410.48761
  165.899994 -45.5999985  4.9593811  13.6736298  410.48761
  177.899994 -46.5 -3.96658325  36.2464905  410.48761
  183.5 -53.2999992  11.7756958  24.1395264  410.48761
  194.600006 -52.7999992  1.33859253  7.06465149  410.48761
  200.100006 -51.4000015  2.33862305  7.42333984  410.48761
  208.5 -52.7999992  13.438324  21.6892853  410.48761
  219.300003 -52.5  2.6914978  4.89237976  410.48761
  223.300003 -51.7999992  0.838897705  3.53024292  410.48761
  233.800003 -52.2999992  2.27941895  12.6385956  410.48761
  238.100006 -52.5 -6.2026062  4.21972656  410.48761
  260.799988 -49.5999985  1.30966187  14.3437653  410.48761
  267.200012 -50.4000015  8.3555603  15.5664825  410.48761
  273.399994 -52.5  7.70529175  6.79089355  410.48761
  282.5 -53.5999985  7.37994385  4.95640564  410.48761
  287.600006 -53.7999992  3.69207764  21.0029907  410.48761
  301.100006 -51.0999985 -3.04101562  5.71113586  410.48761
  307.299988 -51.5 -0.305603027  3.25813293  410.48761
  312.899994 -52.4000015 -3.15701294  5.16142273  410.48761
  320.100006 -51.7000008  9.52322388  24.074646  410.48761
  330.700012 -50.7000008 -7.62252808  2.48989868  410.48761
  347.399994 -54.4000015  5.69659424  4.24060059  410.48761
  20.2000008 -52.4000015 -7.11273193  10.8818665  410.48761
  28.8999996 -52.2000008  4.36972046  14.6099854  410.48761
  38.9000015 -53.7999992 -14.3479614  18.6220398  410.48761
  47.0999985 -52.2000008 -6.17453003  3.67829895  410.48761
  52.0999985 -51.4000015 -1.52868652  3.45106506  410.48761
  60.5999985 -52.7999992  0.134460449  8.22871399  410.48761
  70.6999969 -55.0999985  7.91165161  3.95391846  410.48761
  78.9000015 -53.9000015 -9.50967407  7.25804138  410.48761
  85.4000015 -51.4000015 -22.5366211  3.92196655  410.48761
  90.6999969 -51.4000015 -26.1159058  4.38502502  410.48761
  103.900002 -52.4000015  3.33956909  7.2918396  410.48761
  106.5 -53.2000008  2.98587036  14.1399078  410.48761
  118.400002 -53.7000008 -14.5435486  7.23866272  410.48761
  130.800003 -52.2999992  7.20278931  3.47842407  410.48761
  133.399994 -53.0999985  4.72390747  2.7116394  410.48761
  144.199997 -52.4000015 -7.87756348  12.9779968  410.48761
  148.800003 -52.9000015 -8.55429077  12.3076172  410.48761
  164.300003 -53.4000015  7.8527832  13.8877411  410.48761
  164.699997 -53.9000015  7.70529175  8.23905945  410.48761
  178.800003 -52.5  3.95767212  36.6492157  410.48761
  183.600006 -57.0999985  4.28140259  22.3576355  410.48761
  194.899994 -56.2000008 -0.0711364746  5.87893677  410.48761
  204.699997 -57.0999985  6.90734863  10.684021  410.48761
  211.100006 -57.5999985  14.9243469  5.40716553  410.48761
  223.600006 -57. -0.364715576  2.84877014  410.48761
  229.800003 -58.2999992 -2.98330688  1.97041321  410.48761
  233.899994 -58.0999985 -1.23648071  4.44270325  410.48761
  270.399994 -57.4000015 -7.36843872  15.1222839  410.48761
  274.799988 -56.7999992  0.39855957  8.49510193  410.48761
  286.700012 -57.  12.4290466  2.34509277  410.48761
  293.200012 -59.  10.7089233  9.11323547  410.48761
  316. -55.7000008 -1.47052002  8.16723633  410.48761
  319.600006 -57.4000015 -9.31329346  8.76005554  410.48761
  346.5 -58.5999985  3.89837646  2.47470093  410.48761
  351.100006 -58.0999985  0.662719727  2.91479492  410.48761
  357.600006 -57.7000008 -5.00149536  6.90405273  410.48761
  21.5 -58.7000008 -12.9842834  10.7679138  410.48761
  28. -57.7999992 -5.23114014  5.22889709  410.48761
  38.5 -57.5999985 -10.1811523  2.69573975  410.48761
  44.5 -57.2000008 -14.737854  2.53242493  410.48761
  54. -56.5999985 -11.0065002  7.59463501  410.48761
  67.6999969 -56.5999985  4.01635742  9.4047699  410.48761
  73.0999985 -55.7999992  6.13964844  5.68867493  410.48761
  79.6999969 -55.0999985 -9.59362793  5.01449585  410.48761
  92.5999985 -58.4000015 -7.82061768  4.22369385  410.48761
  102.800003 -56.7999992 -4.80108643  4.29244995  410.48761
  109.400002 -57.4000015 -16.3795776  3.69958496  410.48761
  117.400002 -58.0999985 -17.6583557  3.51150513  410.48761
  132.699997 -57.7000008 -7.31134033  3.86408997  410.48761
  134.800003 -57.7000008 -10.2648621  3.36911011  410.48761
  148.100006 -56.2999992 -7.02761841  17.8516541  410.48761
  157.300003 -56.  1.69180298  6.77903748  410.48761
  166.5 -57.4000015 -5.46054077  9.92681885  410.48761
  178.5 -57.5999985 -4.65710449  9.57797241  410.48761
  184.5 -62.2000008 -2.05316162  30.4273682  410.48761
  197.199997 -64.1999969 -2.60549927  17.8494873  410.48761
  207.399994 -62.2000008  10.5014038  4.79263306  410.48761
  214.300003 -61.7999992 -0.247161865  4.86019897  410.48761
  229.699997 -61.2000008 -4.62817383  2.44355774  410.48761
  237.600006 -61.5999985 -6.74346924  2.98516846  410.48761
  273.299988 -61.7000008 -19.1598206  12.517395  410.48761
  285.299988 -63.2999992 -10.6716003  7.43139648  410.48761
  294.100006 -63.2999992  10.1162415  5.94590759  410.48761
  302.200012 -63.2000008  0.281646729  28.3124237  410.48761
  316.299988 -64.0999985  1.8977356  39.6331177  410.48761
  326.5 -62.5 -7.33990479  25.9985046  410.48761
  337.700012 -63.0999985  6.58221436  2.97471619  410.48761
  349.200012 -61.7000008  3.0741272  7.93054199  410.48761
  0.800000012 -64.1999969 -3.67727661  3.76742554  410.48761
  11.8000002 -64.1999969 -8.61099243  4.6628418  410.48761
  24.2000008 -63.2999992 -12.6496582  3.12936401  410.48761
  31.2000008 -62.4000015 -11.980896  10.138443  410.48761
  42.5999985 -61. -12.8727417  7.99345398  410.48761
  56.5 -62.5999985 -11.6474304  4.11494446  410.48761
  63.0999985 -62.7000008 -12.0089417  12.6621399  410.48761
  76.9000015 -62.5  1.60299683  9.96311951  410.48761
  86.5999985 -62.2000008 -4.71499634  6.42448425  410.48761
  97.6999969 -62.5999985 -13.2902222  2.72865295  410.48761
  111.099998 -61.7000008 -12.0924683  4.98129272  410.48761
  121.199997 -64.0999985 -14.4875183  1.8646698  410.48761
  130.800003 -62.2000008 -12.6216125  2.23669434  410.48761
  138.800003 -62.9000015 -11.5358276  8.71917725  410.48761
  154.300003 -63.7999992  2.8086853  16.8969269  410.48761
  164.899994 -62.2000008 -14.2091064  10.3714752  410.48761
  173.399994 -61.7999992 -5.11633301  7.27288818  410.48761
  188.600006 -66.5 -3.61975098  19.8086395  410.48761
  199.199997 -65.8000031 -5.57382202  10.6685638  410.48761
  208.5 -67.5 -5.20227051  11.2250366  410.48761
  228.199997 -66.3000031 -10.9503479  9.68019104  410.48761
  232.300003 -66.1999969 -13.317627  9.99389648  410.48761
  268. -68.1999969 -8.35757446  22.5993195  410.48761
  275.200012 -67.3000031 -18.8265381  15.4548798  410.48761
  289.799988 -66.3000031 -4.19613647  4.16114807  410.48761
  301.899994 -66.4000015 -6.28808594  22.2724609  410.48761
  317.399994 -68.0999985  0.604248047  12.3058624  410.48761
  326.5 -67.8000031 -8.58261108  1.77355957  410.48761
  336.600006 -67.6999969 -1.99514771  2.39997864  410.48761
  356. -66.8000031 -4.42675781  11.7927551  410.48761
  6.80000019 -66.5999985 -6.2593689  6.61250305  410.48761
  20.7999992 -66.3000031 -1.99514771  4.37364197  410.48761
  30.7000008 -66.5999985 -12.5106812  6.10087585  410.48761
  45.9000015 -67. -1.64556885  26.1614532  410.48761
  59.7000008 -66.0999985  0.281646729  4.57600403  410.48761
  69.5 -68.0999985 -9.6776123  4.22177124  410.48761
  82.5999985 -68.6999969 -12.1205444  8.60165405  410.48761
  100.800003 -68.5 -13.791748  3.00700378  410.48761
  108.699997 -67.5 -13.0397644  2.03257751  410.48761
  121.900002 -66. -11.0065002  1.9336853  410.48761
  129.399994 -66.0999985 -8.52590942  3.75875854  410.48761
  151. -65.8000031 -13.2073975  18.1448669  410.48761
  161.399994 -67.  1.83850098  42.7140656  410.48761
  173.300003 -65.9000015 -13.3456726  38.4930115  410.48761
  195.800003 -75.3000031  5.60879517  36.1999969  410.48761
  199.199997 -73.6999969  1.57406616  22.5787201  410.48761
  229.5 -73.5 -8.13162231  13.5224915  410.48761
  234.800003 -75.4000015 -3.04101562  7.55102539  410.48761
  273.200012 -72.6999969  4.81228638  25.2460632  410.48761
  283.5 -72.9000015  7.29071045  13.0569916  410.48761
  307.399994 -71.8000031  13.5274048  6.40200806  410.48761
  319.100006 -70.9000015  1.19195557  4.43969727  410.48761
  331. -70.0999985 -8.66705322  2.37322998  410.48761
  9.19999981 -72.6999969 -6.28808594  18.8818512  410.48761
  29.2000008 -72.8000031 -13.1793213  6.03723145  410.48761
  37. -72.0999985 -15.183075  21.9105988  410.48761
  62.2000008 -72.3000031 -12.1485596  21.3210907  410.48761
  76.0999985 -72.1999969 -8.07537842  3.22727966  410.48761
  89. -72.5999985 -5.51754761  2.51728821  410.48761
  105.599998 -73.4000015 -3.82199097  3.27476501  410.48761
  121.900002 -73.0999985 -2.31555176  7.05221558  410.48761
  129.100006 -73.3000031  2.66253662  2.5891571  410.48761
  196. -76.8000031  6.81878662  30.3919373  410.48761
  207.100006 -77.1999969 -8.72372437  26.756958  410.48761
  238.100006 -79.3000031  8.11871338  3.57023621  410.48761
  250.699997 -78.5999985  2.309021  9.89297485  410.48761
  286.5 -77.4000015 -1.23648071  29.1273499  410.48761
  305.5 -79.  0.5753479  28.7572327  410.48761
  319.5 -78.0999985 -3.15701294  39.8539124  410.48761
  342.399994 -78.0999985  4.9006958  5.98770142  410.48761
  18.5 -76.5999985 -14.9608154  15.0300293  410.48761
  35.5 -76.4000015 -3.44577026  9.87065125  410.48761
  62. -77.5  0.164031982  19.7177429  410.48761
  79. -76.3000031 -4.71499634  20.5754547  410.48761
  101.5 -75.8000031 -7.56680298  4.93914795  410.48761
  116.699997 -75.5 -2.75100708  4.88087463  410.48761
  213. -82.5  10.1752625  2.68748474  410.48761
  225.199997 -82.0999985  9.15386963  2.567276  410.48761
  290.600006 -81.4000015 -6.74346924  11.7809906  410.48761
  307.899994 -81.0999985 -4.16778564  7.24143982  410.48761
  54.7999992 -81.9000015  0.0168762207  34.097168  410.48761
  75.0999985 -81.5  2.04443359  14.9451904  410.48761
  116.5 -82.5999985 -4.42675781  8.18000793  410.48761
  181.800003 -83.4000015 -14.8212891  34.3032227  410.48761
  268.700012 -85.3000031  0.54510498  2.8558197  410.48761
  331.799988 -86.6999969  3.86935425  2.70993042  410.48761
  62.2000008 -86.3000031 -0.364715576  3.43200684  410.48761
