The depths have been converted from SS-S660S times using 20 second
PREM and have been corrected for upper mantle velocity structure
using HMSL-S06, except with 6 degree blocks rather than 4 degress.
Please see Houser et al. (2008) Determination and analysis of long-wavelength transition zone structure using SS precursors, GJI, 174, 178-194. for details
 longitude  latitude  depth from average (km)  error (km)  average depth (km)
  260.  85.4000015 -9.85308838  6.20166016  650.249146
  2.29999995  85.4000015 -11.0779419  4.32537842  650.249146
  98.4000015  85.9000015 -12.9870605  7.7600708  650.249146
  205.100006  81.4000015 -3.01818848  12.0646057  650.249146
  243.800003  81.9000015 -6.45471191  7.70016479  650.249146
  276.700012  81.4000015 -3.58514404  7.13919067  650.249146
  326.399994  81.6999969  2.73797607  9.76916504  650.249146
  1.29999995  83.  5.64886475  8.00030518  650.249146
  32.9000015  83.6999969  3.37640381  4.1574707  650.249146
  75.4000015  83.1999969 -7.1987915  14.5024414  650.249146
  126.599998  82.6999969 -20.1152954  7.19891357  650.249146
  155.  82.3000031 -10.1365967  8.57000732  650.249146
  201.399994  77.8000031 -27.2791138  9.46490479  650.249146
  215.  77.1999969 -8.15423584  5.74563599  650.249146
  233.199997  77. -0.962097168  11.0839539  650.249146
  262.  76.3000031  0.466796875  4.40341187  650.249146
  279.399994  77.5999985  0.112854004  3.2678833  650.249146
  301.600006  77.5999985  3.73132324  3.15841675  650.249146
  328.  77.5999985  11.307312  4.98348999  650.249146
  344.200012  78.  7.42407227  5.43988037  650.249146
  6.19999981  77. -4.75463867  11.3155823  650.249146
  45.  77.3000031  7.42407227  16.0266418  650.249146
  59.4000015  77. -2.55743408  4.40093994  650.249146
  73.  77.1999969  4.08636475  4.93878174  650.249146
  93.3000031  76.9000015  10.6676636  13.1316223  650.249146
  126.300003  77.9000015 -7.76446533  40.0509644  650.249146
  151.399994  77.1999969  4.08636475  4.01043701  650.249146
  164.699997  77.1999969 -6.06488037  7.5947876  650.249146
  188.  71.4000015 -30.8594971  19.547699  650.249146
  206.600006  72. -12.5275269  4.46472168  650.249146
  221.199997  72.5  1.07086182  7.10018921  650.249146
  239.  72.4000015  2.56011963  4.86700439  650.249146
  254.5  72.4000015 -0.642333984  6.84890747  650.249146
  269.700012  73.3000031 -8.01245117  3.16113281  650.249146
  283.299988  73.4000015 -1.4230957  2.77099609  650.249146
  306.100006  72. -5.95861816  3.61276245  650.249146
  316.100006  72.5999985  3.76708984  4.01016235  650.249146
  335.100006  73.4000015  18.1451416  4.27914429  650.249146
  350.799988  72.0999985 -2.87701416  4.6131897  650.249146
  7.5  72.3000031 -8.33166504  8.61590576  650.249146
  17.2000008  72.0999985 -8.40301514  8.82785034  650.249146
  43.4000015  73.9000015 -20.4539185  31.6125488  650.249146
  59.7000008  72.3000031 -10.9013672  19.1472168  650.249146
  74.5999985  71.5  8.34765625  5.40585327  650.249146
  87.9000015  71.6999969  10.489502  3.63137817  650.249146
  103.5  71.3000031  10.8458252  20.2237854  650.249146
  123.400002  71.  11.059082  12.6325073  650.249146
  144.100006  71.8000031  8.63140869  12.5415649  650.249146
  159.5  71.1999969 -0.678100586  4.5796814  650.249146
  166.199997  71.5999985 -13.3760986  9.24319458  650.249146
  186.699997  66.3000031  0.857299805  8.41220093  650.249146
  200.899994  66.8000031 -15.6712646  4.74151611  650.249146
  209.399994  67. -10.9718628  6.83587646  650.249146
  224.199997  68.4000015  4.01483154  15.5722351  650.249146
  241.199997  66.5 -1.59997559  7.06048584  650.249146
  250.5  66.9000015 -3.83337402  4.1864624  650.249146
  262.  67.0999985 -5.56951904  3.47158813  650.249146
  273.299988  67.1999969 -7.34063721  4.33059692  650.249146
  290.600006  66.9000015 -3.3369751  5.46359253  650.249146
  304.700012  67.8000031 -9.74700928  4.57540894  650.249146
  314.5  67.0999985 -5.10900879  4.14456177  650.249146
  326.200012  66.5999985  9.92163086  5.40884399  650.249146
  339.  67.6999969 -8.33166504  5.10745239  650.249146
  354.  67.8000031 -17.8947144  7.88647461  650.249146
  9.10000038  66.9000015 -14.5065918  4.35525513  650.249146
  17.7000008  67.0999985  1.63757324  4.01391602  650.249146
  31.3999996  66.3000031 -4.22265625  5.4269104  650.249146
  44.9000015  66.4000015 -18.0012817  10.2135315  650.249146
  63.4000015  67.3000031  7.03302002  25.5343018  650.249146
  69.6999969  67.8000031  9.62683105  6.54614258  650.249146
  81.9000015  68.0999985  10.8808594  3.38278198  650.249146
  94.6999969  67.0999985  7.03302002  2.74005127  650.249146
  107.5  67.3000031  14.1894531  5.1675415  650.249146
  123.099998  67.5  8.73791504  8.14422607  650.249146
  134.899994  66.1999969 -5.67565918  6.39196777  650.249146
  152.899994  67.0999985  2.80865479  32.2759705  650.249146
  161.899994  66.6999969  2.41796875  2.48348999  650.249146
  169.300003  66.5999985 -1.17474365  2.66442871  650.249146
  183.699997  62. -1.38739014  3.83486938  650.249146
  197.199997  62.5999985  0.928710938  3.62359619  650.249146
  206.399994  62.5999985  13.1930542  4.09741211  650.249146
  218.399994  61.7000008 -6.24237061  10.4616699  650.249146
  229.  62.4000015  14.1536255  9.64993286  650.249146
  241.300003  63. -9.11029053  3.90411377  650.249146
  248.899994  63.5 -10.7944946  2.55749512  650.249146
  262.399994  63.5 -10.8301392  2.73434448  650.249146
  270.100006  62.9000015 -6.02996826  6.74478149  650.249146
  284.600006  62.0999985  7.60131836  22.7695618  650.249146
  295.399994  62.5 -5.92297363  8.30374146  650.249146
  305.5  62.2999992 -4.68408203  7.38546753  650.249146
  315.600006  62.4000015 -11.289978  3.54736328  650.249146
  326.299988  62.0999985 -13.057373  4.67608643  650.249146
  337.5  61.9000015 -22.5319214  7.05062866  650.249146
  348.399994  61.0999985  0.608886719  4.47454834  650.249146
  2.  61.7000008 -14.9301758  9.27310181  650.249146
  10.  63.5 -17.5419312  3.18511963  650.249146
  21.2000008  63.4000015 -2.52172852  2.87664795  650.249146
  33.0999985  62.2999992 -0.501159668  4.08312988  650.249146
  42.7999992  61.2999992 -18.317688  4.38345337  650.249146
  55.2999992  62.2000008 -3.62084961  6.06506348  650.249146
  64.  63.7000008  2.38305664  28.7172241  650.249146
  76.5  64.5 -3.47894287  70.4369507  650.249146
  88.1999969  63. -1.49365234  3.44445801  650.249146
  97.8000031  63.9000015  5.40020752  3.65719604  650.249146
  109.5  63.2999992  4.61932373  8.49478149  650.249146
  118.199997  61.9000015  5.15155029  10.7342224  650.249146
  133.300003  61.2999992  18.5369263  4.90859985  650.249146
  142.800003  61.9000015  5.43518066  14.0038757  650.249146
  155.699997  61.9000015  9.69763184  6.19018555  650.249146
  164.100006  62.4000015  6.96234131  2.09558105  650.249146
  172.199997  61.9000015  2.34729004  1.91619873  650.249146
  183.399994  56.2999992  3.0579834  1.77432251  650.249146
  192.100006  57.0999985  7.21105957  2.88198853  650.249146
  202.199997  56.7999992  13.0146484  3.31433105  650.249146
  212.699997  57.4000015  2.88006592  9.91168213  650.249146
  220.199997  57.4000015  2.27587891  6.14373779  650.249146
  229.100006  57.2999992 -4.86083984  4.85974121  650.249146
  240.899994  56.4000015  5.222229  5.04641724  650.249146
  248.100006  58.0999985 -10.0304565  3.26541138  650.249146
  257.799988  55.7000008 -17.2601318  3.60903931  650.249146
  269.399994  57.4000015 -2.48602295  6.84619141  650.249146
  275.5  56.4000015  9.05834961  12.1881104  650.249146
  285.200012  57.0999985 -0.501159668  12.2549438  650.249146
  296.399994  58.2999992 -13.1989746  5.91195679  650.249146
  306.200012  57.7000008 -16.2723389  3.60009766  650.249146
  313.  57.7000008 -12.8106689  5.24151611  650.249146
  322.5  57.7999992 -10.2989502  5.49383545  650.249146
  332.200012  57.7000008 -10.3701782  3.83178711  650.249146
  342.100006  57.5 -10.5467529  3.44219971  650.249146
  350.  57.2999992  4.69006348  3.40762329  650.249146
  359.  58.2999992 -6.91516113  7.5930481  650.249146
  6.4000001  57.7999992 -3.37268066  8.69827271  650.249146
  20.7999992  56.9000015 -6.20672607  3.29360962  650.249146
  26.  57.0999985  6.35839844  2.30786133  650.249146
  38.5999985  58.2999992 -0.749511719  12.2184753  650.249146
  45.2999992  58.2000008 -15.1775513  17.0048218  650.249146
  55.7999992  57.9000015 -7.34063721  4.72033691  650.249146
  61.9000015  58.5 -6.77325439  8.2661438  650.249146
  73.3000031  57.7999992  14.7949829  16.7472229  650.249146
  85.  57.  0.466796875  8.65908813  650.249146
  89.5999985  57.5999985 -0.100585938  27.3981323  650.249146
  101.300003  57.2000008  52.0140381  37.5358887  650.249146
  112.900002  56.4000015 -9.35736084  21.6348572  650.249146
  121.5  57.9000015  5.43518066  5.9750061  650.249146
  132.300003  57.2999992  11.4139404  3.02810669  650.249146
  137.899994  57.2000008  14.4388428  2.70617676  650.249146
  148.300003  57.0999985  10.489502  4.69842529  650.249146
  157.699997  57.2999992  7.74353027  2.84698486  650.249146
  166.5  57.5  7.45983887  1.88278198  650.249146
  174.600006  56.5999985  4.08636475  1.73895264  650.249146
  182.5  52.2999992  7.99230957  1.81652832  650.249146
  192.800003  52.2000008  3.23419189  1.66760254  650.249146
  199.899994  51.7999992  0.963623047  1.88540649  650.249146
  207.199997  52.7999992  5.1864624  3.05371094  650.249146
  218.100006  51.9000015 -8.08374023  2.949646  650.249146
  223.800003  51.7000008 -7.1987915  2.08932495  650.249146
  232.899994  51.5999985  0.431945801  3.72955322  650.249146
  240.899994  52.0999985 -8.33166504  5.88580322  650.249146
  249.899994  53.2999992 -8.50836182  6.41720581  650.249146
  258.200012  52.9000015 -19.6224976  5.01507568  650.249146
  264.799988  51.7999992  10.5252686  15.2253723  650.249146
  274.200012  52.7000008  12.5879517  3.56295776  650.249146
  277.600006  53.5  18.0022583  3.51635742  650.249146
  291.799988  53.0999985 -13.4820557  3.47399902  650.249146
  299.100006  51.5 -0.997802734  3.01959229  650.249146
  308.  52.7999992  4.15704346  5.00994873  650.249146
  313.5  53.2999992 -5.60516357  6.25021362  650.249146
  324.600006  52.9000015  1.38909912  6.42633057  650.249146
  330.600006  52.5999985  11.9121094  5.30505371  650.249146
  339.200012  53.5 -4.01013184  8.59072876  650.249146
  347.299988  53. -17.2601318  7.28900146  650.249146
  354.399994  53. -9.64086914  6.23812866  650.249146
  5.30000019  52.7999992  1.70898438  11.1503906  650.249146
  11.6999998  52.4000015 -14.6472778  20.3602905  650.249146
  22.7999992  52.7000008 -0.20690918  3.58743286  650.249146
  27.7999992  51.5  3.44787598  6.14523315  650.249146
  34.9000015  52.2000008  3.55426025  9.87756348  650.249146
  45.7999992  54.0999985 -7.30493164  9.39682007  650.249146
  51.  54.5999985  10.4536743  15.5187378  650.249146
  59.9000015  50.  2.52520752  14.1454468  650.249146
  70.1999969  50.5  2.9864502  11.5447998  650.249146
  76.8000031  51.2000008  13.5848389  11.9859314  650.249146
  87.  53.2999992  12.8370972  3.27865601  650.249146
  94.5  52.2999992  10.489502  5.51611328  650.249146
  101.900002  50.5999985  1.77966309  11.2569885  650.249146
  111.699997  50.5  9.37792969  29.1704407  650.249146
  118.800003  50.2999992  5.1864624  6.47244263  650.249146
  129.100006  51.0999985  14.510498  1.92300415  650.249146
  134.399994  51.4000015  13.263916  1.88656616  650.249146
  143.5  51.7000008  13.0505371  2.41946411  650.249146
  151.100006  52.5  15.4365845  4.16763306  650.249146
  160.899994  52.0999985  9.81427002  2.10217285  650.249146
  168.  52.7000008  8.52490234  1.38986206  650.249146
  176.5  52.5  10.3471069  1.17822266  650.249146
  182.100006  47.7999992  2.27587891  1.98724365  650.249146
  191.600006  47.  5.50665283  2.09500122  650.249146
  196.600006  48.0999985  12.053772  1.88513184  650.249146
  204.600006  47.7000008  8.2769165  7.4677124  650.249146
  214.100006  47.7000008 -3.05389404  14.1594849  650.249146
  220.600006  48.2000008 -8.29602051  3.19613647  650.249146
  226.800003  47.0999985 -4.75463867  3.43655396  650.249146
  235.300003  47.9000015 -12.7402954  7.54849243  650.249146
  241.100006  48.0999985 -10.0304565  16.7504578  650.249146
  249.100006  47.5999985 -15.4959106  16.614624  650.249146
  256.600006  47. -20.0096436  2.82971191  650.249146
  264.100006  48.2999992  4.12133789  12.5782166  650.249146
  272.600006  48.5999985  17.0401001  2.89883423  650.249146
  275.899994  48.4000015  8.70294189  2.52764893  650.249146
  287.5  48.0999985 -3.86907959  9.54779053  650.249146
  296.299988  48.2000008  5.00933838  5.5489502  650.249146
  301.  48.7000008  9.12908936  5.22930908  650.249146
  310.700012  48.5999985 -19.9047852  7.09390259  650.249146
  314.799988  48.2000008 -19.6224976  5.29702759  650.249146
  325.299988  47.9000015  22.2042847  11.7078247  650.249146
  330.299988  47.7999992  6.53637695  5.47433472  650.249146
  337.200012  47.4000015  10.5610352  23.3683167  650.249146
  344.700012  48. -7.69396973  19.8789978  650.249146
  351.899994  47.9000015 -32.4383545  31.7521362  650.249146
  358.399994  48. -13.4117432  40.4223633  650.249146
  6.9000001  49.  5.7902832  16.9740601  650.249146
  15.1999998  47. -10.7597046  26.8914185  650.249146
  23.8999996  48.7000008  18.7868042  10.9421692  650.249146
  27.8999996  48.7999992  5.47088623  9.10116577  650.249146
  34.7000008  47.9000015 -9.88873291  28.8077087  650.249146
  46.5999985  47.4000015 -6.24237061  26.0900269  650.249146
  52.5999985  47.2999992 -3.47894287  20.7202454  650.249146
  58.2999992  47.7999992 -8.75622559  7.5479126  650.249146
  66.6999969  47.2999992 -4.50646973  4.43399048  650.249146
  73.9000015  47.0999985 -7.1987915  12.97052  650.249146
  79.5  46.0999985  16.43396  15.4900513  650.249146
  88.6999969  46.7000008  14.9727173  3.2762146  650.249146
  96.9000015  45.7000008 -10.2070312  6.09494019  650.249146
  102.800003  46. -4.54217529  2.86990356  650.249146
  111.5  46.7999992  1.60266113  5.22045898  650.249146
  117.199997  47.5  8.95184326  11.2911072  650.249146
  126.  48.2999992  15.543396  2.60028076  650.249146
  132.100006  48.4000015  16.8255005  1.60391235  650.249146
  140.  48.2000008  10.7384033  4.20062256  650.249146
  147.  47.5999985  4.40563965  3.30099487  650.249146
  154.5  46.9000015 -1.06848145  2.4871521  650.249146
  161.300003  48. -0.820129395  1.35272217  650.249146
  169.5  47.4000015 -1.70629883  1.81375122  650.249146
  176.399994  47.  2.41796875  1.84515381  650.249146
  182.100006  42.5 -4.86083984  3.08251953  650.249146
  190.199997  43.2999992 -2.66369629  3.83380127  650.249146
  196.800003  42.0999985  1.14147949  4.29727173  650.249146
  202.100006  41.5 -1.17474365  7.06112671  650.249146
  208.800003  42.0999985  0.290649414  10.6613159  650.249146
  218.300003  43.5 -14.7531738  29.3491821  650.249146
  225.800003  43.4000015 -16.1309814  9.26885986  650.249146
  229.600006  42.9000015 -14.2592163  8.42724609  650.249146
  236.800003  42.4000015 -3.3369751  3.65560913  650.249146
  242.899994  42.0999985  8.48913574  5.72619629  650.249146
  252.5  44.2999992 -16.4129028  11.3131714  650.249146
  257.700012  43.2000008 -5.3213501  6.85253906  650.249146
  265.5  42.4000015  8.63140869  16.7318115  650.249146
  271.5  42.2999992  16.7186279  7.60690308  650.249146
  277.399994  43.0999985  8.70294189  12.5787354  650.249146
  282.5  44.5  2.20599365  15.8126831  650.249146
  300.  42.0999985  12.1254272  11.0886841  650.249146
  313.700012  43.9000015 -1.70629883  9.44592285  650.249146
  319.100006  44.0999985 -2.02600098  27.6258545  650.249146
  326.700012  43.7000008  6.42987061  26.247406  650.249146
  334.299988  42.7999992  3.66064453  18.5870972  650.249146
  337.600006  42.5  10.2405396  9.61691284  650.249146
  345.200012  40.9000015  3.23419189  6.03814697  650.249146
  353.399994  42.7000008  3.83862305  40.7984619  650.249146
  358.700012  41.  23.0205688  11.9937744  650.249146
  15.3999996  42.5  6.35839844  35.1054382  650.249146
  19.6000004  43.2000008  9.37792969  22.9382629  650.249146
  27.3999996  44.0999985  10.3471069  20.1116638  650.249146
  35.  42.4000015  12.1254272  31.4519348  650.249146
  38.7999992  42.0999985  15.5784302  33.3646545  650.249146
  48.9000015  42.7000008  16.2912598  31.5477905  650.249146
  51.7999992  43.7999992  22.8712769  24.1088867  650.249146
  63.7000008  41.7000008 -0.642333984  4.75704956  650.249146
  67.3000031  41.5  2.34729004  6.78210449  650.249146
  76.5999985  41.5999985 -29.1052246  25.9960938  650.249146
  81.0999985  40.7000008 -14.8945923  6.165802  650.249146
  89.1999969  41.7000008 -5.10900879  13.3322754  650.249146
  95.9000015  42.5 -15.989624  5.65869141  650.249146
  101.400002  43.5 -11.855835  3.12219238  650.249146
  107.5  44.2000008 -5.49890137  3.93255615  650.249146
  115.5  44.7000008 -0.501159668  25.857605  650.249146
  122.900002  41.7000008 -0.60748291  5.32437134  650.249146
  129.899994  42.5  5.68463135  2.5562439  650.249146
  135.399994  43.2999992  1.8861084  5.14968872  650.249146
  144.100006  42.2000008 -1.74200439  2.45153809  650.249146
  149.899994  42.5999985 -9.14593506  3.2310791  650.249146
  154.600006  43.2999992 -7.51733398  3.40948486  650.249146
  164.600006  42.5999985 -6.02996826  2.37240601  650.249146
  170.699997  43. -8.47265625  2.70101929  650.249146
  175.600006  43.4000015 -8.89801025  3.33737183  650.249146
  182.  37.7000008  0.290649414  2.06289673  650.249146
  190.300003  37.2000008  8.34765625  3.84246826  650.249146
  196.  37.2999992  6.50061035  7.00717163  650.249146
  201.300003  38. -7.09179688  5.32192993  650.249146
  207.100006  36.9000015  0.00653076172  6.28286743  650.249146
  212.899994  36.7000008  11.164856  6.33566284  650.249146
  222.5  37.  5.57739258  9.13677979  650.249146
  227.600006  36.7999992  7.21105957  8.00326538  650.249146
  234.600006  36.2000008  3.48278809  4.2286377  650.249146
  240.300003  36.2999992  5.93249512  2.16625977  650.249146
  244.899994  36.2000008  1.77966309  1.84490967  650.249146
  252.100006  36. -2.59307861  4.18795776  650.249146
  258.600006  36.5  14.6873779  18.4888916  650.249146
  265.299988  38.2000008 -9.64086914  50.042572  650.249146
  271.600006  38.2999992  6.394104  3.80487061  650.249146
  276.5  39.2000008  9.2364502  18.9649963  650.249146
  299.  38.0999985 -11.0779419  36.6916504  650.249146
  303.799988  37.7000008 -1.63568115  29.6560364  650.249146
  307.5  37.0999985  24.9851074  33.5559387  650.249146
  324.  37.7999992 -2.09655762  27.3278198  650.249146
  328.200012  37.0999985  12.0187378  33.6978455  650.249146
  336.100006  37.4000015 -5.17950439  17.2762756  650.249146
  340.5  36.9000015  0.254882812  5.64477539  650.249146
  346.  37.7000008  5.08001709  3.76342773  650.249146
  353.600006  37.4000015 -10.8301392  33.3482666  650.249146
  0.5  38.5999985  19.7145386  12.9476318  650.249146
  6.80000019  37.7999992 -0.465454102  39.6371765  650.249146
  13.6000004  37.9000015 -20.8764648  30.4768982  650.249146
  19.2000008  38.  5.75531006  7.53912354  650.249146
  24.8999996  36.9000015  18.751709  10.4838867  650.249146
  32.  37.5 -15.8837891  29.6915283  650.249146
  39.2999992  37.2999992  7.10455322  14.6770935  650.249146
  43.9000015  36.9000015  2.31158447  16.2397766  650.249146
  51.7000008  36.4000015 -2.84136963  22.1762695  650.249146
  56.7000008  36.5999985  8.98760986  5.86862183  650.249146
  64.  38.4000015  3.37640381  7.0725708  650.249146
  68.6999969  36.9000015 -13.6235962  7.19317627  650.249146
  77.1999969  38.5 -20.0806274  20.1882019  650.249146
  82.4000015  37.9000015 -15.8837891  4.98754883  650.249146
  86.5  38.2999992 -12.5986938  9.77487183  650.249146
  94.5999985  39.0999985 -12.4927368  26.6655579  650.249146
  98.9000015  38.7000008 -24.8535767  32.8204651  650.249146
  107.5  36.2999992 -1.88397217  16.3259583  650.249146
  114.900002  36.9000015  7.10455322  7.96768188  650.249146
  122.199997  38.  7.85003662  5.6539917  650.249146
  126.900002  37.7999992  1.70898438  2.95025635  650.249146
  132.  37.4000015 -2.37976074  5.32235718  650.249146
  138.800003  38.0999985  0.857299805  3.48147583  650.249146
  146.  38.7000008 -9.88873291  2.34564209  650.249146
  150.600006  39.7000008 -16.9072266  3.28131104  650.249146
  158.5  37.7000008  3.12780762  5.78945923  650.249146
  165.399994  37.9000015  4.01483154  2.94616699  650.249146
  169.800003  37.5999985  4.61932373  3.44335938  650.249146
  178.  37.7000008 -4.11639404  2.44436646  650.249146
  181.300003  33.7000008  1.46057129  2.48886108  650.249146
  190.300003  33.9000015  1.74395752  4.40457153  650.249146
  194.5  33.7999992  8.02807617  2.52719116  650.249146
  200.800003  32.5  4.72576904  2.52041626  650.249146
  206.399994  32. -1.56433105  3.55111694  650.249146
  211.  31.7000008  5.86096191  5.26010132  650.249146
  217.300003  31.8999996  10.916687  9.62121582  650.249146
  225.100006  32.9000015  3.66064453  8.387146  650.249146
  229.800003  32.9000015  8.09881592  10.9570007  650.249146
  235.600006  34.2999992  8.02807617  3.55752563  650.249146
  241.899994  35.2999992  5.08001709  1.9526062  650.249146
  247.800003  34.4000015 -9.18157959  1.815979  650.249146
  253.199997  32.7000008 -6.31286621  3.08154297  650.249146
  257.700012  34.2000008 -8.61444092  7.90246582  650.249146
  266.  33.5999985  5.75531006  25.0977173  650.249146
  271.799988  33.7000008  6.394104  4.08856201  650.249146
  278.200012  31.6000004 -1.67138672  21.4518127  650.249146
  282.5  30.6000004 -5.92297363  14.2848206  650.249146
  287.899994  31.2000008 -16.0598755  8.88061523  650.249146
  301.299988  30.8999996 -15.8126831  18.0599976  650.249146
  306.899994  32.4000015 -3.58514404  28.1410522  650.249146
  312.899994  29.6000004 -25.9439087  15.763031  650.249146
  319.100006  30.3999996 -11.4317017  38.2974548  650.249146
  324.100006  31.8999996 -30.1929321  23.6000671  650.249146
  331.200012  31. -11.1831055  13.2831421  650.249146
  337.  33.  3.19848633  6.8241272  650.249146
  341.700012  33.7000008  4.86798096  5.51300049  650.249146
  347.299988  31.7999992  4.58361816  12.2956543  650.249146
  354.100006  31.3999996  2.77368164  17.2116394  650.249146
  359.  31.1000004 -7.1987915  4.22421265  650.249146
  5.0999999  31.2999992  3.69641113  8.06747437  650.249146
  12.6000004  33. -4.57781982  2.30264282  650.249146
  15.8000002  33.2000008 -0.962097168  4.57937622  650.249146
  24.2999992  34.4000015  9.956604  6.8309021  650.249146
  29.3999996  32.7000008 -1.21044922  27.4094543  650.249146
  35.5999985  33.  16.3989258  17.1625671  650.249146
  41.7999992  32.7000008 -2.48602295  8.27539062  650.249146
  47.2999992  32.0999985  3.3057251  21.9697876  650.249146
  52.9000015  34.7999992  10.916687  8.90792847  650.249146
  58.7999992  34.  10.8458252  9.01403809  650.249146
  66.0999985  33.7999992 -2.55743408  13.0274658  650.249146
  70.  33.5  2.41796875  6.49880981  650.249146
  77.9000015  33. -4.86083984  16.0742188  650.249146
  83.4000015  33.4000015 -18.1070557  7.09933472  650.249146
  87.1999969  33.0999985 -12.1026611  8.14144897  650.249146
  95.6999969  32.2000008  6.28765869  17.1338501  650.249146
  101.5  31.2000008 -6.24237061  27.9089355  650.249146
  106.5  31.2000008 -9.60522461  10.9924622  650.249146
  111.  31.2999992  6.85583496  7.22131348  650.249146
  117.400002  31.7999992  12.7662354  3.49237061  650.249146
  123.599998  33.4000015  7.06878662  3.0241394  650.249146
  130.800003  33.7999992  18.394104  13.8811646  650.249146
  134.699997  32.5999985  7.99230957  17.4439087  650.249146
  141.600006  32.9000015 -0.678100586  5.78485107  650.249146
  146.600006  32.7000008 -6.06488037  2.65652466  650.249146
  153.800003  33. -2.09655762  4.68496704  650.249146
  160.  33.4000015 -3.3369751  4.57705688  650.249146
  166.800003  32.7000008  1.24786377  3.48175049  650.249146
  171.800003  31.8999996  0.325561523  3.41003418  650.249146
  176.300003  32.5999985  1.38909912  3.12664795  650.249146
  182.800003  27.5 -3.83337402  4.71847534  650.249146
  188.  27.8999996  0.466796875  3.23278809  650.249146
  193.399994  28.6000004 -3.62084961  3.08334351  650.249146
  201.  28.7999992  7.63708496  2.34890747  650.249146
  205.699997  28.5  2.56011963  2.69674683  650.249146
  210.600006  27.6000004  3.34063721  2.66143799  650.249146
  214.899994  27.2999992  7.67199707  3.09576416  650.249146
  222.300003  28.  2.48944092  5.71847534  650.249146
  228.199997  27.2000008  2.34729004  2.87954712  650.249146
  232.399994  27.2000008 -3.4432373  6.38452148  650.249146
  238.  27.5 -8.86236572  14.989502  650.249146
  245.  27.2999992 -2.34484863  3.76309204  650.249146
  251.5  28.7000008 -3.4432373  3.65548706  650.249146
  253.5  29.1000004 -0.20690918  4.4737854  650.249146
  274.5  28.1000004 -16.2012329  16.1876831  650.249146
  278.700012  27.7000008 -10.5467529  11.9081116  650.249146
  285.  27.3999996 -11.7497559  4.43078613  650.249146
  289.200012  26.3999996 -6.77325439  2.69134521  650.249146
  294.5  26.2999992 -12.4927368  4.07562256  650.249146
  301.200012  26.8999996  1.8861084  30.1568604  650.249146
  308.299988  26.7999992 -3.4432373  25.4597778  650.249146
  312.399994  26.2999992 -35.7711792  14.4299011  650.249146
  316.5  27.  6.71356201  37.879425  650.249146
  322.899994  29. -4.54217529  11.174408  650.249146
  331.  28.1000004 -5.74707031  4.79272461  650.249146
  333.899994  27.2000008 -10.4050293  10.2115173  650.249146
  341.100006  26. -1.77764893  6.52877808  650.249146
  345.299988  26.7000008 -7.23364258  3.62246704  650.249146
  350.799988  26.5 -13.7642822  6.87512207  650.249146
  355.799988  27.5 -0.60748291  14.4883423  650.249146
  3.0999999  29.2999992 -8.72058105  8.14996338  650.249146
  8.10000038  28.2999992 -2.55743408  8.7355957  650.249146
  13.6999998  28.7000008  2.09960938  19.4916992  650.249146
  27.5  26.6000004  3.76708984  19.8247986  650.249146
  29.6000004  27. -8.33166504  25.8487854  650.249146
  35.2999992  27.1000004 -20.1862183  9.59484863  650.249146
  45.2000008  28.8999996  5.11578369  11.2667236  650.249146
  46.7000008  28.1000004  7.14031982  5.68826294  650.249146
  59.2999992  28.2999992  3.62493896  8.17379761  650.249146
  65.1999969  27.2999992 -5.2857666  11.1721802  650.249146
  69.5999985  27.2999992 -6.70196533  25.2956543  650.249146
  76.3000031  26.2000008  13.9042358  23.2302856  650.249146
  81.0999985  26.5  22.5744019  7.57965088  650.249146
  87.5999985  27.7999992  3.44787598  11.8306274  650.249146
  93.3000031  27.7000008  9.48449707  17.5917664  650.249146
  98.4000015  28.2999992  9.37792969  22.3688965  650.249146
  104.800003  29.7000008 -1.81335449  6.70523071  650.249146
  109.099998  29.5  12.6237183  3.81219482  650.249146
  115.300003  28.1000004  25.4459839  7.99639893  650.249146
  119.900002  27.7999992  16.8613892  5.34255981  650.249146
  125.599998  27.2999992  26.8032227  8.84841919  650.249146
  133.600006  27.5 -9.18157959  39.2961426  650.249146
  136.699997  27.6000004  3.98077393  7.4289856  650.249146
  143.399994  27.7000008  20.0939941  8.28314209  650.249146
  148.699997  27.6000004  8.56066895  16.2868652  650.249146
  155.  28.7999992  1.8861084  19.380127  650.249146
  162.300003  27.8999996  5.61309814  11.7664185  650.249146
  167.600006  27.5 -5.85241699  4.96890259  650.249146
  171.5  27.8999996 -8.54315186  3.19595337  650.249146
  176.199997  27.7999992 -4.25836182  4.25744629  650.249146
  181.800003  23.5 -2.62799072  4.15222168  650.249146
  187.899994  23.8999996  5.43518066  4.79837036  650.249146
  192.800003  23.1000004  6.78424072  13.0249634  650.249146
  198.199997  22.8999996 -6.27807617  3.3288269  650.249146
  205.699997  23.6000004 -5.49890137  3.43557739  650.249146
  210.199997  23.7999992  2.38305664  3.87319946  650.249146
  214.5  23.1000004  0.00653076172  2.98486328  650.249146
  219.300003  21.3999996  4.12133789  4.36547852  650.249146
  226.100006  22.2999992  9.27142334  3.0612793  650.249146
  228.899994  23.  7.24682617  3.41452026  650.249146
  234.699997  24.2000008 -1.67138672  13.9519348  650.249146
  242.800003  23.3999996 -0.60748291  5.39535522  650.249146
  247.399994  22.7000008 -16.8013916  4.70410156  650.249146
  251.5  22.6000004 -23.2005005  5.14849854  650.249146
  256.600006  22. -27.9110107  9.18270874  650.249146
  263.799988  20.5 -1.4230957  5.00418091  650.249146
  268.299988  21.3999996  1.56689453  5.04299927  650.249146
  275.700012  22.8999996  0.963623047  8.91387939  650.249146
  278.799988  22.6000004 -7.30493164  3.26782227  650.249146
  286.200012  23.2999992 -6.31286621  3.82528687  650.249146
  291.200012  23.7999992 -2.59307861  3.23068237  650.249146
  295.299988  21.7999992 -4.79034424  3.86221313  650.249146
  300.100006  23.7000008 -0.171203613  65.0721436  650.249146
  306.700012  23.2000008  5.50665283  5.83322144  650.249146
  312.200012  24.7000008 -17.2246094  36.9775085  650.249146
  316.299988  23.5 -1.52941895  6.74130249  650.249146
  323.100006  21. -2.66369629  16.2869568  650.249146
  328.299988  21.7000008 -6.20672607  15.3908386  650.249146
  333.899994  23.2000008 -14.0820923  10.7232666  650.249146
  339.200012  22.5 -5.46331787  8.65808105  650.249146
  344.  22.6000004 -0.501159668  3.7645874  650.249146
  349.299988  21.3999996 -3.79846191  3.2600708  650.249146
  352.799988  22. -0.713806152  4.65103149  650.249146
  18.1000004  20.5 -23.8335571  20.6702576  650.249146
  21.7999992  21.8999996 -15.0716553  21.1341858  650.249146
  26.7999992  23.2000008  9.2364502  18.0267334  650.249146
  31.6000004  23. -12.0678711  30.9980774  650.249146
  35.7999992  23.2000008 -16.3781738  22.8560791  650.249146
  54.2000008  22.5 -2.7699585  9.93997192  650.249146
  59.9000015  21.3999996 -9.67645264  5.49487305  650.249146
  65.5  23.6000004 -9.00415039  9.7817688  650.249146
  69.6999969  22.5 -9.85308838  9.20809937  650.249146
  76.0999985  22.5  1.60266113  17.8686829  650.249146
  78.5999985  23.6000004  13.3706055  5.23709106  650.249146
  84.8000031  24.2000008  2.95074463  43.964386  650.249146
  91.5  24. -1.17474365  9.447052  650.249146
  96.3000031  23.2000008  11.3430786  7.22576904  650.249146
  103.199997  22.2999992 -8.50836182  4.68322754  650.249146
  106.900002  22.2999992 -7.09179688  3.19711304  650.249146
  113.099998  22.5 -14.1888428  5.62796021  650.249146
  117.699997  23.2999992  18.6088257  14.0106201  650.249146
  122.699997  22.8999996  31.0629883  4.93252563  650.249146
  130.5  21.7999992  17.1829224  5.27630615  650.249146
  134.800003  22.8999996  14.9017944  9.30804443  650.249146
  139.100006  22.7999992  15.9707031  4.03689575  650.249146
  143.699997  22.7999992  25.8306885  4.33355713  650.249146
  150.399994  21.2999992  18.4659424  4.79669189  650.249146
  156.  21.5  7.21105957  14.5345764  650.249146
  160.600006  24.1000004  7.45983887  7.21664429  650.249146
  168.5  25.3999996 -1.56433105  6.59967041  650.249146
  172.199997  24.2999992 -12.7046509  2.73239136  650.249146
  176.5  23.7000008 -8.72058105  3.30233765  650.249146
  182.699997  17.3999996  4.22851562  2.69769287  650.249146
  187.899994  16.7999992  2.34729004  3.41149902  650.249146
  193.399994  17.7000008 -1.35168457  7.16760254  650.249146
  198.  16.7000008  2.80865479  5.50604248  650.249146
  203.699997  17.6000004  10.8458252  4.66314697  650.249146
  208.600006  17.5  14.0827026  4.88287354  650.249146
  215.199997  18.2000008 -5.49890137  4.21508789  650.249146
  219.  18.  1.38909912  7.52655029  650.249146
  225.399994  17.3999996  15.543396  4.24996948  650.249146
  228.300003  17.1000004  19.2147217  2.63061523  650.249146
  233.5  16.3999996  0.0414428711  16.40625  650.249146
  238.899994  16.7999992 -10.0661011  25.5171509  650.249146
  246.800003  17.2000008 -5.2857666  10.3582458  650.249146
  249.300003  16.8999996 -19.3400879  5.05078125  650.249146
  255.100006  17. -5.25006104  30.7080994  650.249146
  261.5  18.3999996 -15.1775513  11.1773987  650.249146
  265.799988  18.7000008  5.54241943  9.3850708  650.249146
  276.200012  20.5  17.6815186  17.905426  650.249146
  294.5  19. -10.7241211  7.50888062  650.249146
  295.700012  18.6000004 -7.69396973  7.94567871  650.249146
  302.700012  16. -12.7046509  16.1716919  650.249146
  306.799988  17.5 -1.4230957  18.844696  650.249146
  313.100006  18.5  6.50061035  7.96630859  650.249146
  319.600006  16.7000008  0.963623047  5.00662231  650.249146
  324.100006  17.5 -0.891540527  16.1177673  650.249146
  328.399994  17.  2.5958252  10.2652283  650.249146
  333.799988  17.5 -15.9540405  16.364624  650.249146
  339.200012  18.1000004 -2.62799072  7.20095825  650.249146
  345.299988  18.2000008 -7.41119385  11.2010803  650.249146
  349.5  18.1000004 -4.4708252  4.10943604  650.249146
  352.799988  17.7000008  0.00653076172  8.09127808  650.249146
  10.3000002  15.8999996 -6.70196533  9.89416504  650.249146
  17.1000004  16.7999992 -5.03759766  14.930542  650.249146
  20.7000008  15.8999996 -10.0304565  6.97955322  650.249146
  25.2999992  18.7999992 -11.8210449  10.2012329  650.249146
  32.7999992  19. -25.2752686  16.5757141  650.249146
  35.5999985  17. -20.418457  30.1702881  650.249146
  41.4000015  15.6999998 -21.2642212  29.9456482  650.249146
  52.2000008  16.7999992  18.6447144  6.86300659  650.249146
  57.2000008  19.5  0.0771484375  6.99197388  650.249146
  61.7000008  18. -9.4286499  9.17956543  650.249146
  68.3000031  18.2999992 -17.7890015  5.61883545  650.249146
  75.0999985  17.1000004 -9.39300537  10.7347412  650.249146
  76.4000015  16.6000004 -4.0458374  21.7776794  650.249146
  81.6999969  17.2999992 -6.8795166  21.4397888  650.249146
  90.5999985  17.2999992 -2.2734375  11.0397644  650.249146
  92.3000031  17.6000004  1.92181396  8.84472656  650.249146
  105.199997  17.6000004  5.25799561  3.4437561  650.249146
  108.300003  17.5 -3.62084961  2.83517456  650.249146
  115.  19.2000008 -24.7481079  9.05050659  650.249146
  120.599998  16.8999996  6.96234131  7.47042847  650.249146
  124.099998  17.3999996  9.99243164  4.44821167  650.249146
  131.300003  18.2000008  23.5827637  4.8991394  650.249146
  135.199997  18.1000004  20.5617065  19.4513245  650.249146
  140.100006  18.5  13.833374  9.89682007  650.249146
  148.5  16.2999992  17.5027466  18.349884  650.249146
  150.600006  16.6000004  7.24682617  14.0666504  650.249146
  156.600006  18.2000008  5.29376221  3.40841675  650.249146
  160.699997  16.7999992  5.96740723  3.08953857  650.249146
  166.300003  17.3999996  2.70227051  5.04418945  650.249146
  171.5  18.7000008  8.56066895  3.52261353  650.249146
  177.800003  18.8999996  1.10577393  4.36862183  650.249146
  183.899994  12.5 -4.50646973  4.64724731  650.249146
  186.5  13.3000002 -4.4708252  4.32818604  650.249146
  194.600006  13.5 -4.57781982  13.0158081  650.249146
  198.699997  12.1999998  7.10455322  21.4737549  650.249146
  203.300003  12.6999998  18.9296875  7.50808716  650.249146
  208.5  11.6999998  1.42486572  3.51721191  650.249146
  214.100006  12.6000004 -1.95544434  9.58740234  650.249146
  218.  12.8000002 -2.34484863  7.27194214  650.249146
  225.399994  12.6999998  14.7949829  19.0682678  650.249146
  228.199997  12.5  5.40020752  3.79901123  650.249146
  232.699997  13.5 -3.26635742  4.64807129  650.249146
  238.  12.8999996 -10.9718628  22.7184448  650.249146
  245.699997  13.8999996 -3.01818848  11.6040649  650.249146
  248.300003  14.3999996 -6.52606201  3.01043701  650.249146
  254.100006  12.6999998 -9.46343994  5.14141846  650.249146
  257.799988  12. -14.4362183  15.8088989  650.249146
  266.200012  9.60000038 -4.82598877  3.68463135  650.249146
  269.299988  10.1000004  0.112854004  10.3303528  650.249146
  285.700012  8.80000019  18.5018311  13.6989136  650.249146
  292.399994  12.8000002  21.836853  43.4538269  650.249146
  296.299988  12.8000002  13.7624512  34.245636  650.249146
  301.299988  12.3999996 -11.927063  21.8293152  650.249146
  306.399994  10.3999996 -12.8462524  6.12503052  650.249146
  311.399994  11.3000002 -12.1738892  21.151886  650.249146
  316.100006  12.3000002 -1.13989258  8.30236816  650.249146
  322.200012  12.3000002  5.89672852  3.83514404  650.249146
  325.899994  12.3000002  16.2202148  4.6479187  650.249146
  330.899994  12.6999998  3.48278809  9.73522949  650.249146
  337.  11.6000004  1.70898438  13.5395508  650.249146
  341.5  11.1999998  5.82519531  7.50390625  650.249146
  347.600006  13.3000002  13.9759521  5.38101196  650.249146
  352.299988  12.3999996  13.8692017  10.5573425  650.249146
  356.5  12.1999998  7.60131836  17.7582703  650.249146
  0.300000012  11.8000002  2.6315918  24.802063  650.249146
  7.69999981  12.3000002 -0.713806152  26.2902832  650.249146
  13.  12.6999998 -15.989624  23.4228821  650.249146
  19.6000004  13.8000002 -13.4464722  11.8558655  650.249146
  22.3999996  13.5 -7.48242188  5.56924438  650.249146
  34.0999985  12. -14.4710083  27.3735657  650.249146
  37.4000015  13. -18.7768555  30.8283386  650.249146
  43.5  13.1999998 -20.9820557  23.2664185  650.249146
  49.5999985  12.1999998 -7.72961426  23.908783  650.249146
  53.5999985  10.6000004  0.715270996  40.2668152  650.249146
  60.5  11.3999996 -7.6583252  25.8546448  650.249146
  63.7000008  11.1000004 -15.8482056  10.9985962  650.249146
  70.  11.5 -2.66369629  14.3738098  650.249146
  75.9000015  13.1999998  9.02258301  4.1267395  650.249146
  77.3000031  12.6999998  10.8808594  5.2677002  650.249146
  85.5999985  10.6999998 -21.6873779  14.1100464  650.249146
  89.6999969  12.8000002 -13.9058838  10.1239319  650.249146
  95.9000015  11.3999996  7.85003662  14.1131287  650.249146
  100.900002  12.3000002  8.34765625  26.7747192  650.249146
  107.300003  11.6999998  11.4855347  2.85031128  650.249146
  109.5  11.8000002  5.08001709  2.59127808  650.249146
  116.400002  11.6000004 -1.38739014  3.69284058  650.249146
  120.900002  13.5  5.50665283  4.44287109  650.249146
  124.400002  11.5  11.7346191  10.1003113  650.249146
  132.899994  13.1999998  10.0631714  4.48452759  650.249146
  135.899994  12.5  12.1612549  10.2532959  650.249146
  139.399994  12.3999996 -11.0779419  36.434021  650.249146
  149.  14.3999996  42.135376  11.8136597  650.249146
  150.  15.  4.69006348  23.3853149  650.249146
  157.5  12.8000002  16.5758667  8.37515259  650.249146
  161.800003  14.3000002 -1.63568115  3.33804321  650.249146
  166.  12.6000004  1.56689453  7.31369019  650.249146
  171.100006  9.69999981 -2.23773193  36.8789673  650.249146
  177.800003  12.6999998 -5.74707031  24.5610352  650.249146
  182.800003  7.9000001 -4.43591309  4.03890991  650.249146
  187.  6.5  0.290649414  3.23266602  650.249146
  193.100006  6.30000019  9.88586426  4.23486328  650.249146
  198.100006  8.60000038 -5.53381348  14.1090698  650.249146
  202.899994  8.5  8.34765625  11.2772827  650.249146
  208.300003  7.5  0.644592285  4.26147461  650.249146
  213.600006  7.30000019  2.9864502  4.79672241  650.249146
  217.600006  7.4000001  4.65429688  4.15310669  650.249146
  224.399994  7.30000019  10.0631714  11.8808899  650.249146
  228.  8.10000038  6.96234131  2.62805176  650.249146
  230.699997  8.10000038  18.4659424  3.59597778  650.249146
  238.300003  6.9000001 -1.81335449  3.55050659  650.249146
  242.100006  7.5 -0.784362793  5.43051147  650.249146
  249.899994  7.0999999  16.6118164  24.3880005  650.249146
  253.699997  8.  7.31750488  3.37921143  650.249146
  257.5  6.5 -1.52941895  6.95391846  650.249146
  264.399994  7.  6.57208252  5.93582153  650.249146
  268.200012  8.69999981 -3.15936279  6.27865601  650.249146
  284.100006  7.  20.1654053  9.7769165  650.249146
  287.799988  8.5  30.454834  11.3373413  650.249146
  295.  5.80000019  10.0281982  6.01296997  650.249146
  299.200012  7.19999981  10.0281982  29.8696899  650.249146
  305.700012  7.4000001 -14.8243408  4.44989014  650.249146
  307.899994  8.39999962 -11.3604736  5.56307983  650.249146
  315.  7.0999999 -8.43701172  18.6723938  650.249146
  320.399994  6.9000001 -7.1987915  33.1184692  650.249146
  324.  7.5999999  8.80957031  9.2164917  650.249146
  330.200012  7.80000019  6.78424072  9.31796265  650.249146
  336.299988  7.69999981  2.73797607  6.03747559  650.249146
  338.899994  7.80000019  4.51208496  5.90304565  650.249146
  344.600006  7.4000001  21.1049194  12.7794189  650.249146
  351.399994  7.9000001  38.9614868  21.0961304  650.249146
  355.299988  7.4000001  0.750976562  16.9419556  650.249146
  358.700012  6.80000019  16.9683228  16.1763306  650.249146
  4.30000019  5.9000001  15.1153564  12.3599548  650.249146
  9.39999962  7.  8.91607666  28.6460571  650.249146
  15.3000002  6.5 -24.6426392  22.3195801  650.249146
  20.3999996  7.30000019 -7.9776001  8.61679077  650.249146
  25.2000008  9. -9.57037354  11.9817505  650.249146
  32.5  8.19999981 -21.7567139  22.8731689  650.249146
  45.5  6.69999981 -24.5018311  5.03982544  650.249146
  52.4000015  7.0999999 -1.77764893  14.3416748  650.249146
  54.5  7.19999981  2.91583252  17.2127075  650.249146
  61.4000015  8.10000038 -2.62799072  16.2514343  650.249146
  65.8000031  7.5999999 -7.72961426  4.57806396  650.249146
  70.5999985  7.19999981 -15.7423706  5.12924194  650.249146
  77.  7. -5.56951904  3.08242798  650.249146
  79.  7.0999999 -4.08074951  3.08306885  650.249146
  86.5  6.19999981  11.449707  20.9514465  650.249146
  90.3000031  6.69999981 -2.30914307  9.37368774  650.249146
  96.4000015  7.4000001 -1.52941895  7.09591675  650.249146
  101.699997  7.9000001  14.7591553  8.025177  650.249146
  107.800003  7.80000019  11.3430786  2.45858765  650.249146
  110.199997  7.69999981  5.32867432  2.59179688  650.249146
  115.5  9. -4.18780518  4.29275513  650.249146
  122.300003  9.10000038  14.7591553  4.73657227  650.249146
  125.800003  8.19999981  23.6585083  4.41201782  650.249146
  132.600006  8.  20.9593506  8.49972534  650.249146
  136.699997  8.10000038 -9.78265381  17.8469543  650.249146
  141.300003  7.69999981 -17.0130005  25.2670898  650.249146
  145.699997  5.69999981  1.21295166  21.6838379  650.249146
  153.  6.5  14.9376221  6.83221436  650.249146
  157.199997  7.80000019  9.62683105  7.1505127  650.249146
  169.399994  7.80000019  5.82519531  42.8964233  650.249146
  172.  7.80000019  12.3745117  37.5429077  650.249146
  178.199997  6.19999981 -0.713806152  9.94503784  650.249146
  181.699997  2.29999995  6.78424072  2.34344482  650.249146
  188.399994  3.20000005  3.66064453  5.61343384  650.249146
  192.600006  2.  5.29376221  2.94692993  650.249146
  197.  1.60000002  7.10455322  3.52133179  650.249146
  202.5  1.10000002  5.1864624  3.30151367  650.249146
  207.300003  2.29999995  5.61309814  7.64456177  650.249146
  213.899994  2.5999999  1.56689453  6.49804688  650.249146
  217.199997  3.  2.91583252  4.44137573  650.249146
  222.300003  3.  13.8692017  7.32138062  650.249146
  228.100006  3.0999999  8.73791504  5.97479248  650.249146
  230.699997  2.20000005  17.3599243  9.45022583  650.249146
  238.300003  1.20000005  2.6315918  2.59039307  650.249146
  241.  0.800000012 -1.59997559  2.87719727  650.249146
  246.800003  0.800000012  1.77966309  14.8525391  650.249146
  252.899994  5.5999999 -5.39196777  5.43579102  650.249146
  259.299988  3.79999995  1.03515625  4.86547852  650.249146
  262.200012  2.79999995  7.81427002  2.49172974  650.249146
  276.5  1.5 -13.7642822  17.2590637  650.249146
  281.799988  4.80000019 -4.71972656  14.2896729  650.249146
  288.399994  2.29999995  4.22851562  15.6552429  650.249146
  293.200012  1.70000005  8.80957031  5.5489502  650.249146
  296.100006  2.5999999  11.7346191  8.26989746  650.249146
  302.799988  3.9000001 -19.9047852  8.3626709  650.249146
  308.200012  2. -0.0648803711  20.1046448  650.249146
  314.600006  1.60000002 -8.65008545  5.77920532  650.249146
  316.700012  1.5 -9.99481201  4.11437988  650.249146
  323.399994  3.5  1.53118896  4.08486938  650.249146
  326.700012  2.79999995  6.89080811  3.87643433  650.249146
  332.700012  2.9000001 -1.95544434  5.21658325  650.249146
  338.100006  3.29999995  8.88031006  6.61581421  650.249146
  342.799988  1.70000005  11.5563965  10.1690369  650.249146
  348.600006  1.20000005 -0.465454102  13.0346069  650.249146
  352.799988  2. -7.05700684  4.96786499  650.249146
  357.299988  3.9000001  1.60266113  7.10092163  650.249146
  1.89999998  3.5  12.3387451  14.5338745  650.249146
  5.19999981  2.4000001 -0.359924316  13.9216309  650.249146
  14.6999998  1.70000005 -8.96850586  11.453949  650.249146
  16.7999992  1.39999998 -7.26928711  7.66317749  650.249146
  20.6000004  0.800000012 -18.5646362  3.88949585  650.249146
  44.0999985  3.79999995 -13.5176392  5.13415527  650.249146
  48.2999992  2.70000005 -15.8837891  4.0592041  650.249146
  52.7999992  2.20000005 -12.1026611  4.88894653  650.249146
  56.  2.5 -16.8361816  8.73657227  650.249146
  61.7999992  2.70000005  7.17529297  5.79446411  650.249146
  68.6999969  3.9000001 -4.68408203  5.00061035  650.249146
  73.8000031  2.0999999 -1.31677246  5.03955078  650.249146
  77.9000015  2.4000001  2.31158447  2.84420776  650.249146
  82.0999985  0.899999976  3.0579834  3.29971313  650.249146
  86.5  1.  9.37792969  6.26077271  650.249146
  91.1999969  2.  13.6207275  8.58035278  650.249146
  97.5  2.70000005 -3.86907959  6.34863281  650.249146
  101.099998  1.10000002  9.81427002  8.28939819  650.249146
  108.199997  4.69999981  13.7974854  4.73968506  650.249146
  110.900002  3.9000001  17.0401001  7.09811401  650.249146
  116.400002  2.5  13.9042358  12.7812805  650.249146
  123.900002  0.600000024  7.95654297  11.9274292  650.249146
  126.599998  2.5999999  24.565979  16.1134033  650.249146
  132.800003  3.5999999 -6.84381104  8.01812744  650.249146
  138.  2.5 -7.41119385  13.5108032  650.249146
  142.699997  2.4000001 -17.0130005  10.1477051  650.249146
  146.399994  3.4000001 -9.00415039  12.0898743  650.249146
  157.600006  3.0999999  15.649353  5.72052002  650.249146
  162.699997  1.5  12.9788208  10.9679565  650.249146
  167.699997  1.39999998  10.098938  9.17932129  650.249146
  173.199997  3.4000001  11.5563965  14.5689087  650.249146
  178.800003  2.0999999  3.73132324  2.02316284  650.249146
  182.300003 -2.79999995 -2.48602295  3.65667725  650.249146
  187.399994 -2.29999995 -20.5241089  16.7945251  650.249146
  193.199997 -1.60000002 -14.2235718  13.2991028  650.249146
  198.199997 -1.79999995  5.29376221  2.94692993  650.249146
  203.100006 -2.79999995 -3.3369751  4.6484375  650.249146
  207.300003 -3.29999995  1.92181396  5.07870483  650.249146
  211.899994 -3.9000001 -8.93286133  3.83303833  650.249146
  217.300003 -1.39999998 -1.35168457  8.79779053  650.249146
  221.899994 -2.20000005 -1.59997559  5.35891724  650.249146
  227.399994 -2.4000001  8.31268311  5.83166504  650.249146
  231. -1.70000005  6.96234131  17.6322021  650.249146
  238.399994 -1.29999995 -5.56951904  3.86157227  650.249146
  241.300003 -1.10000002 -10.1365967  2.84146118  650.249146
  246.699997 -1.60000002 -6.52606201  20.8059692  650.249146
  257.200012 -5.80000019 -3.4432373  14.2997742  650.249146
  263.700012 -3.79999995 -10.0304565  10.9201965  650.249146
  266.200012 -4.0999999 -19.3755493  7.30685425  650.249146
  272.600006 -2.79999995 -15.4248047  19.2260132  650.249146
  276.700012 -3.4000001 -18.317688  10.2828369  650.249146
  289.299988 -2.79999995 -13.2345581  17.4386292  650.249146
  292.899994 -1.79999995  8.73791504  5.79702759  650.249146
  297.100006 -2.9000001  11.8413086  13.9876099  650.249146
  301.799988 -3.9000001  8.52490234  47.4256592  650.249146
  308.399994 -3.5999999  15.4006958  7.74963379  650.249146
  313.600006 -2.5  9.30718994  3.98596191  650.249146
  317.600006 -2.0999999  6.00317383  2.73394775  650.249146
  321. -3.4000001  4.37072754  2.80419922  650.249146
  327.299988 -0.800000012  19.9873047  5.02731323  650.249146
  332.299988 -2.70000005  12.3745117  10.8765564  650.249146
  338.200012 -2.0999999 -3.62084961  17.4959412  650.249146
  343.100006 -1.39999998  5.00933838  17.6065979  650.249146
  348. -1.20000005  9.05834961  5.93994141  650.249146
  352.600006 -1.5 -3.65655518  5.32089233  650.249146
  356.700012 -2.79999995 -6.56176758  5.95962524  650.249146
  3.4000001 -3.0999999 -11.6081543  2.94604492  650.249146
  6.4000001 -3. -4.61273193  9.15646362  650.249146
  12.1000004 -2.0999999 -4.57781982  5.67462158  650.249146
  17.2999992 -1.20000005 -1.74200439  29.1622925  650.249146
  21.7999992 -2.4000001 -8.01245117  42.22229  650.249146
  26. -3.5 -14.4006958  11.0747375  650.249146
  43. -4.4000001 -35.6322021  8.92623901  650.249146
  48.5999985 -2.9000001 -34.2629395  6.99838257  650.249146
  51.5999985 -1.39999998 -27.3136597  6.00823975  650.249146
  57.9000015 -0.800000012 -9.71209717  15.4096985  650.249146
  61.5 -1.10000002  4.08636475  17.9108582  650.249146
  70.6999969 -2.79999995 -8.61444092  5.35491943  650.249146
  73.0999985 -2.9000001  13.727417  3.77349854  650.249146
  78. -0.899999976  7.67199707  2.98922729  650.249146
  83.3000031 -1.5  2.77368164  3.19857788  650.249146
  86.0999985 -2.4000001 -0.678100586  3.26733398  650.249146
  91.4000015 -3.4000001 -24.2562256  9.57977295  650.249146
  99.5999985 -2.9000001 -2.55743408  5.18060303  650.249146
  101.199997 -3.5999999 -1.77764893  10.5803223  650.249146
  109.099998 -2.5999999  27.4310303  24.3978882  650.249146
  112.400002 -3.70000005  35.0438843  17.7780151  650.249146
  118.5 -3.70000005  13.6557617  7.71429443  650.249146
  122.900002 -2.79999995 -10.9013672  8.88665771  650.249146
  125.900002 -3.79999995 -31.0706787  12.0372009  650.249146
  133.199997 -4.0999999  12.053772  5.09191895  650.249146
  136.800003 -4.4000001  15.2938843  6.4772644  650.249146
  142.600006 -0.800000012 -1.24621582  41.4517212  650.249146
  146.199997 -1.29999995 -4.43591309  58.2490234  650.249146
  155. -3.9000001  4.58361816  12.7932739  650.249146
  157.800003 -4.0999999  3.34063721  6.61190796  650.249146
  162.399994 -4.5  2.06390381  3.94400024  650.249146
  168.600006 -3.0999999 -0.171203613  5.00546265  650.249146
  172.800003 -4.19999981  7.81427002  3.23730469  650.249146
  177.600006 -2.70000005 -0.135498047  2.66543579  650.249146
  182.600006 -7. -13.7999268  4.46292114  650.249146
  186.399994 -7.30000019 -8.15423584  11.0225525  650.249146
  193.100006 -7.19999981  12.1254272  26.7185974  650.249146
  198.800003 -8.  7.17529297  3.27218628  650.249146
  203.399994 -7.4000001 -5.49890137  3.01156616  650.249146
  208.399994 -7.4000001 -9.03973389  2.59451294  650.249146
  212. -7.30000019 -14.2235718  3.24990845  650.249146
  217.600006 -7.30000019 -15.6364746  12.1635437  650.249146
  223.399994 -7.69999981 -1.38739014  6.56460571  650.249146
  227.600006 -7.5999999  4.69006348  5.58435059  650.249146
  232.399994 -8.19999981 -3.97528076  16.8218689  650.249146
  236.899994 -8.19999981 -4.43591309  3.68493652  650.249146
  244.600006 -7.5999999 -21.7567139  4.51773071  650.249146
  256.200012 -7.69999981 -0.394836426  10.9786682  650.249146
  258.399994 -7.69999981  11.6279907  7.79544067  650.249146
  262.799988 -7.19999981 -1.28192139  3.26730347  650.249146
  269.5 -6.9000001 -10.2989502  3.83187866  650.249146
  275.100006 -8.60000038 -16.9428101  4.17401123  650.249146
  279.299988 -8.19999981 -12.3859253  4.95959473  650.249146
  284.100006 -8.5  14.1185913  5.06021118  650.249146
  286.899994 -8.60000038  15.3648682  12.1874084  650.249146
  294.399994 -6.0999999  3.0579834  7.4274292  650.249146
  299.600006 -6.69999981 -1.35168457  7.41589355  650.249146
  305.700012 -7.9000001  18.5369263  5.45782471  650.249146
  309.799988 -8.30000019  12.8370972  2.24130249  650.249146
  313.600006 -8.19999981  12.7304688  2.31243896  650.249146
  319.399994 -7.5  6.00317383  2.13098145  650.249146
  323.399994 -8.19999981  8.02807617  2.91833496  650.249146
  329.799988 -8.  6.89080811  6.57669067  650.249146
  333.5 -7.9000001  1.56689453  3.33987427  650.249146
  338.799988 -6.80000019  6.78424072  21.5281372  650.249146
  344.700012 -8.10000038 -2.66369629  2.23260498  650.249146
  350.700012 -6.19999981 -5.10900879  2.97613525  650.249146
  354.799988 -5.5999999  3.0579834  12.3259583  650.249146
  359.700012 -6.30000019 -0.536071777  27.5964355  650.249146
  4.69999981 -6.0999999 -1.95544434  16.6082764  650.249146
  8.39999962 -5.69999981 -6.13616943  7.41799927  650.249146
  24.7000008 -7.80000019 -13.0217896  9.2795105  650.249146
  31.6000004 -9.19999981 -18.4944458  16.6989746  650.249146
  33.0999985 -9.10000038 -22.8831787  35.7975159  650.249146
  42.0999985 -6.69999981 -23.4816284  6.16833496  650.249146
  45.5999985 -7.5 -26.1193237  6.19689941  650.249146
  50.5 -7.30000019 -11.5020752  5.77398682  650.249146
  55.0999985 -8.89999962  2.77368164  5.15066528  650.249146
  61.2999992 -9.10000038 -0.100585938  15.3056946  650.249146
  66.8000031 -9.19999981 -2.02600098  3.62176514  650.249146
  72.0999985 -7.19999981  3.83862305  5.04498291  650.249146
  76. -8.  16.6118164  5.12078857  650.249146
  81.4000015 -6.  8.48913574  3.27328491  650.249146
  87.1999969 -7.0999999  3.37640381  4.6192627  650.249146
  90.5 -8.19999981 -0.430541992  8.90621948  650.249146
  96. -7.0999999 -10.7241211  13.5325928  650.249146
  101. -6.19999981 -6.56176758  19.2486572  650.249146
  106.599998 -9.19999981 -4.93139648  22.5154419  650.249146
  111.900002 -8.19999981  32.6039429  12.7356873  650.249146
  116. -8.  24.4519653  16.2584839  650.249146
  123. -6.0999999  0.680297852  13.2158813  650.249146
  127. -6.69999981 -10.9013672  18.6881409  650.249146
  132.100006 -7.69999981  10.5960693  5.23178101  650.249146
  135.300003 -7.30000019  16.041626  4.21588135  650.249146
  141.800003 -8.39999962  6.00317383  4.15933228  650.249146
  146. -10.3999996  11.5563965  2.49423218  650.249146
  154.100006 -6.5999999  0.00653076172  7.3822937  650.249146
  157.899994 -7.5  0.680297852  7.59564209  650.249146
  163.199997 -7.4000001  2.17028809  3.02157593  650.249146
  167.300003 -7.30000019 -8.08374023  2.63040161  650.249146
  172.800003 -7.69999981 -7.55212402  2.84344482  650.249146
  176.300003 -7.30000019 -7.51733398  4.54269409  650.249146
  182.199997 -13.5 -4.61273193  6.96032715  650.249146
  187. -12.3000002 -8.68493652  5.49691772  650.249146
  194. -13.  14.046814  7.57659912  650.249146
  199.699997 -12.1999998  0.821594238  2.77233887  650.249146
  203.899994 -12.1000004 -4.75463867  2.65731812  650.249146
  208.199997 -12.8999996 -2.66369629  2.52200317  650.249146
  213.5 -13.3999996 -8.26116943  2.41760254  650.249146
  217.899994 -13.8000002 -2.80566406  3.19522095  650.249146
  223.199997 -12.6000004  0.573181152  3.62335205  650.249146
  229. -12.8000002  13.9400635  11.6679077  650.249146
  232.5 -13.1000004  21.5432129  11.356842  650.249146
  239.199997 -14.8000002  6.71356201  10.0641174  650.249146
  244.5 -12.6999998  6.35839844  8.0725708  650.249146
  255.800003 -11. -29.5615845  31.3102417  650.249146
  259.700012 -10.6000004  6.60791016  6.07818604  650.249146
  263. -10.8999996  3.62493896  2.91055298  650.249146
  272.899994 -14.  1.9932251  8.88018799  650.249146
  275.799988 -14.3000002 -17.753418  3.96105957  650.249146
  279.299988 -13.3999996 -10.5467529  5.4581604  650.249146
  285. -12.1000004  9.37792969  24.5717468  650.249146
  288.700012 -12.1999998  14.8300171  15.4899292  650.249146
  295.799988 -11.8000002 -0.891540527  12.8566589  650.249146
  302. -12.3000002 -2.69940186  9.51477051  650.249146
  307.200012 -11.6000004  14.5814819  3.09838867  650.249146
  311.399994 -12.3000002  1.95751953  1.9513855  650.249146
  315.799988 -12.8000002 -1.70629883  2.02633667  650.249146
  321.100006 -12.6999998  2.91583252  3.23440552  650.249146
  325.700012 -12.5 -4.08074951  6.25241089  650.249146
  330.100006 -12.1999998 -7.12744141  4.61401367  650.249146
  337.299988 -12.8999996  8.34765625  17.1635437  650.249146
  340.600006 -13.3999996  23.6955566  10.589447  650.249146
  346.299988 -12.  0.928710938  4.22640991  650.249146
  359.100006 -12.8999996  1.85113525  24.1270752  650.249146
  2. -12.8000002 -8.54315186  15.09729  650.249146
  6.5 -11.6000004 -9.60522461  4.29226685  650.249146
  23.2999992 -13.1000004  2.31158447  5.57650757  650.249146
  28.8999996 -11.6999998 -9.25201416  17.3194275  650.249146
  33.2000008 -11.1999998 -18.7768555  34.3059998  650.249146
  39.7999992 -13.3999996  10.5610352  24.8134766  650.249146
  44.7000008 -12.3999996 -1.38739014  4.57897949  650.249146
  48.5999985 -13.  6.99804688  6.96725464  650.249146
  55. -13.3999996  8.41918945  3.87835693  650.249146
  59.5 -14.  11.947937  6.97766113  650.249146
  64.0999985 -13.1999998  3.27001953  2.62606812  650.249146
  69.3000031 -13.  4.65429688  2.84008789  650.249146
  74.8000031 -12.8999996  14.6873779  4.73684692  650.249146
  79.5 -13.  9.41290283  12.3380432  650.249146
  85.9000015 -12.3000002  11.0948486  11.5764465  650.249146
  90. -11.8999996  4.44140625  10.2700195  650.249146
  93.3000031 -11.1999998 -10.1017456  7.33349609  650.249146
  101.699997 -12.3999996 -3.30126953  6.13650513  650.249146
  106.099998 -11.6000004 -15.0716553  5.09536743  650.249146
  109.699997 -10.8999996 -17.7890015  12.1888428  650.249146
  114.400002 -10.  19.2506104  20.9631958  650.249146
  121.099998 -11.6999998 -8.36737061  16.264801  650.249146
  124.900002 -10.6999998  13.1571655  21.3450623  650.249146
  131.800003 -11.  14.4038086  19.7242432  650.249146
  135.100006 -13.  37.5712891  11.6857605  650.249146
  143. -11.3000002  9.956604  3.87969971  650.249146
  147.100006 -12.  13.1571655  2.17156982  650.249146
  151.600006 -13.6000004  3.19848633  2.73284912  650.249146
  158.399994 -12.5  5.11578369  15.4025879  650.249146
  162. -12.  11.6629639  10.0626831  650.249146
  167.399994 -11.6000004  7.35333252  3.94799805  650.249146
  171.5 -12.1000004  1.24786377  3.19760132  650.249146
  176.899994 -12.  3.12780762  4.69009399  650.249146
  183. -16.7999992 -1.91973877  9.40979004  650.249146
  188.300003 -17.5  1.3192749  16.6959229  650.249146
  193.800003 -18.3999996 -0.501159668  24.5740051  650.249146
  198.100006 -17.7000008 -12.0322876  6.69189453  650.249146
  204.699997 -16.3999996 -0.571777344  5.92703247  650.249146
  209.300003 -16.8999996 -2.80566406  2.44506836  650.249146
  214.5 -17.2999992 -4.36456299  1.84249878  650.249146
  218.300003 -17.3999996  3.12780762  1.91650391  650.249146
  223. -17.8999996  8.70294189  3.20233154  650.249146
  229.5 -17.2999992  18.8945923  3.38586426  650.249146
  234.5 -17.2000008  10.2763062  4.48443604  650.249146
  239.199997 -18.1000004  2.24090576  3.58883667  650.249146
  243.5 -17.8999996  10.7384033  4.23605347  650.249146
  261. -18.8999996  1.03515625  7.52593994  650.249146
  274.200012 -16.1000004 -14.0473633  17.7166138  650.249146
  276. -15.8999996 -19.0932007  4.06414795  650.249146
  281.399994 -16. -2.7699585  12.2072449  650.249146
  285.200012 -16.  4.83221436  26.9723206  650.249146
  290.799988 -17.2999992  5.43518066  10.1316528  650.249146
  304.799988 -18.1000004  13.2280884  5.27264404  650.249146
  309. -16.7000008  1.9932251  3.05679321  650.249146
  313.100006 -16.7000008  1.3192749  1.92126465  650.249146
  317.5 -16.5  6.53637695  2.2019043  650.249146
  322.200012 -16.3999996  6.96234131  4.69354248  650.249146
  327.899994 -16.3999996 -13.4117432  7.05267334  650.249146
  332.899994 -18.2999992 -7.76446533  2.70147705  650.249146
  338.600006 -16.2999992  1.3192749  20.9518738  650.249146
  342. -16.7999992  1.92181396  24.5015259  650.249146
  350.399994 -18.7000008  11.3430786  20.6783142  650.249146
  360. -15.8999996 -9.57037354  11.0281982  650.249146
  4.19999981 -17.6000004 -5.64086914  4.96954346  650.249146
  10.6000004 -17.3999996  4.22851562  5.11685181  650.249146
  16.5 -17.8999996  25.8306885  13.1364136  650.249146
  31.7999992 -17.7000008 -1.81335449  22.1608276  650.249146
  37.4000015 -17.2000008  7.56555176  13.4607544  650.249146
  40.7999992 -16.2000008  2.02819824  15.3507996  650.249146
  47.7999992 -17.  4.86798096  4.57946777  650.249146
  52.7000008 -18.  2.24090576  6.39215088  650.249146
  58.2999992 -17.1000004  13.8692017  7.64526367  650.249146
  62.2000008 -16.5  7.63708496  5.58248901  650.249146
  68.0999985 -16.5  0.0414428711  4.29666138  650.249146
  72.9000015 -16.8999996  12.7662354  3.63491821  650.249146
  78.0999985 -17.1000004 -5.4276123  13.2601929  650.249146
  83.6999969 -16.5 -11.5733643  6.69332886  650.249146
  89.1999969 -18.3999996 -8.18988037  3.7633667  650.249146
  92.1999969 -18. -16.1665039  3.45892334  650.249146
  98.0999985 -16.6000004 -11.218811  12.2229309  650.249146
  103.699997 -14.1999998 -11.927063  7.68173218  650.249146
  122.199997 -17.3999996  40.4145508  33.5914307  650.249146
  123.900002 -18.2999992  26.9204712  32.9428406  650.249146
  129.199997 -18.8999996  1.4954834  38.0115662  650.249146
  135.600006 -16.7999992  37.4890747  17.7870483  650.249146
  142.100006 -18.2999992 -8.50836182  12.6934509  650.249146
  147.699997 -18.7999992  4.05065918  3.12289429  650.249146
  150.399994 -18.2999992  4.44140625  2.52026367  650.249146
  156.100006 -17.8999996  7.53137207  3.55703735  650.249146
  161.399994 -16.1000004  5.64886475  3.97717285  650.249146
  167.399994 -14.3999996  18.038147  2.47348022  650.249146
  173.199997 -15.6000004 -8.40301514  6.52352905  650.249146
  177.699997 -16.7000008 -16.4476318  5.41003418  650.249146
  181.600006 -23. -0.359924316  5.96258545  650.249146
  187.300003 -22.7999992 -5.56951904  4.49880981  650.249146
  195.300003 -21.2000008 -10.1721802  4.85775757  650.249146
  199.100006 -22.2999992 -5.67565918  5.89587402  650.249146
  203.399994 -22.2999992  6.10968018  4.58612061  650.249146
  211.100006 -21.7999992 -1.99029541  4.40109253  650.249146
  215.399994 -21.2000008  0.680297852  3.44564819  650.249146
  219.399994 -21.7000008  3.76708984  2.98175049  650.249146
  225.100006 -21.2000008  2.73797607  3.34112549  650.249146
  230.5 -21.7000008  4.44140625  11.3000183  650.249146
  236.699997 -21.2000008  1.35339355  3.80175781  650.249146
  240.300003 -21.7999992  0.00653076172  16.0866394  650.249146
  248.100006 -22.  8.02807617  42.2497253  650.249146
  259. -23.2000008  3.16351318  20.4244995  650.249146
  261.600006 -22.8999996 -0.430541992  23.5576172  650.249146
  274.200012 -18.2999992 -6.34857178  17.2345886  650.249146
  302.100006 -21.7000008  20.8150024  6.74298096  650.249146
  306.399994 -21.  8.17041016  3.84228516  650.249146
  312.100006 -20.8999996  3.80285645  2.91070557  650.249146
  317.200012 -22.3999996  3.23419189  4.79699707  650.249146
  322.299988 -22.5  2.45367432  3.37582397  650.249146
  325.799988 -23.3999996  7.10455322  3.87661743  650.249146
  334.200012 -22.5  2.34729004  21.6739197  650.249146
  338.600006 -23.2000008 -1.81335449  7.48614502  650.249146
  344.299988 -23.2000008 -2.91186523  14.1957092  650.249146
  349.600006 -23.6000004 -13.057373  23.6585083  650.249146
  352.799988 -21.2999992  9.62683105  38.721344  650.249146
  12.3999996 -22.7000008  0.00653076172  8.26904297  650.249146
  15.3999996 -23.8999996 -7.58776855  20.9392395  650.249146
  22.7999992 -23.5  13.1930542  18.5704651  650.249146
  26.2999992 -23.6000004  3.76708984  15.1096802  650.249146
  31.3999996 -23.7999992 -9.03973389  13.9636536  650.249146
  38.2000008 -23.3999996  9.48449707  3.7013855  650.249146
  43.7000008 -24.3999996 -8.75622559  6.48757935  650.249146
  48.2000008 -22.7999992 -7.90625  3.33828735  650.249146
  53.9000015 -21.7999992 -8.89801025  10.3827209  650.249146
  59.0999985 -22.1000004 -8.57879639  7.30136108  650.249146
  64.8000031 -22.8999996 -2.23773193  3.72744751  650.249146
  68.8000031 -23.2000008  1.74395752  4.12036133  650.249146
  74.8000031 -22.2999992  10.1348267  5.40881348  650.249146
  80.3000031 -22.8999996 -5.10900879  11.8108215  650.249146
  86.8000031 -21.3999996 -0.820129395  5.28881836  650.249146
  90.9000015 -22.1000004 -0.394836426  5.25402832  650.249146
  94.5999985 -21.3999996 -5.14379883  12.9781494  650.249146
  103.199997 -25.  1.92181396  33.8362122  650.249146
  105.199997 -24.3999996  2.38305664  23.8946838  650.249146
  117.5 -23.1000004  19.3935547  6.04116821  650.249146
  124.699997 -20.2999992  17.2180176  34.6164856  650.249146
  128.199997 -20.6000004 -2.55743408  29.2622681  650.249146
  135.399994 -22.7999992  11.8413086  31.6200562  650.249146
  141.800003 -24.6000004 -7.09179688  49.098877  650.249146
  145.5 -22.2000008 -7.44677734  22.390686  650.249146
  149.5 -20.7999992 -1.74200439  7.59130859  650.249146
  156.300003 -22.  14.5464478  6.78997803  650.249146
  159.199997 -22.3999996  8.63140869  5.65527344  650.249146
  178.899994 -22.6000004 -3.76275635  9.05221558  650.249146
  183.5 -27.1000004 -2.66369629  7.84918213  650.249146
  186.899994 -28. -6.1005249  8.58612061  650.249146
  195.600006 -25.2000008  7.60131836  3.91244507  650.249146
  200.699997 -26.  14.2611694  12.6502991  650.249146
  204.5 -27.7000008  9.51947021  14.0100098  650.249146
  211.800003 -26.6000004  14.0117798  5.30935669  650.249146
  218.199997 -27.7999992 -3.97528076  3.25952148  650.249146
  221.800003 -28.2000008 -1.28192139  3.19589233  650.249146
  226.399994 -28.7999992 -4.01013184  6.67706299  650.249146
  232.100006 -27.8999996  12.0895386  5.02075195  650.249146
  238.699997 -27.1000004  1.38909912  10.4754639  650.249146
  249.899994 -27.3999996  4.54779053  18.5013733  650.249146
  257.100006 -27.2999992  14.7591553  15.4466248  650.249146
  261.100006 -26.3999996  32.9692383  22.7926636  650.249146
  314. -25.2999992 -7.51733398  5.56918335  650.249146
  319.5 -25.6000004 -13.1286011  6.40740967  650.249146
  323.600006 -26.7999992 -10.6536255  4.75054932  650.249146
  328.299988 -28.5 -1.52941895  3.97671509  650.249146
  334.299988 -27.6000004 -10.2989502  15.7954712  650.249146
  340.100006 -27.7000008 -1.03356934  12.5364685  650.249146
  346.299988 -28.1000004  10.489502  7.75662231  650.249146
  350.799988 -28.1000004  4.54779053  2.98223877  650.249146
  14.8000002 -26.7000008 -16.4129028  7.96194458  650.249146
  18.8999996 -26.7999992 -15.2833252  33.544281  650.249146
  25.7999992 -26.6000004  2.13531494  11.2937012  650.249146
  29.2999992 -27.7000008 -10.8657837  4.78622437  650.249146
  37.2000008 -27.1000004 -2.80566406  3.65600586  650.249146
  43.4000015 -27.2000008 -5.78106689  3.75476074  650.249146
  46.7999992 -27.8999996 -7.72961426  5.10873413  650.249146
  53.2000008 -26.7000008 -18.9882812  5.86209106  650.249146
  59.7999992 -27.7999992 -15.3544922  6.02325439  650.249146
  65.5 -27.3999996  7.88580322  2.74017334  650.249146
  69.5999985 -27.5  7.60131836  2.84646606  650.249146
  75.5 -27.2000008  5.32867432  3.44378662  650.249146
  81.0999985 -25.3999996  8.09881592  4.26794434  650.249146
  88.5 -28.3999996  15.2938843  4.20285034  650.249146
  92.6999969 -29.2000008  4.47711182  4.18826294  650.249146
  96.8000031 -29.  5.68463135  4.72796631  650.249146
  103.800003 -27.2999992  6.85583496  20.3323059  650.249146
  108.699997 -29.2999992  11.1290894  10.8837891  650.249146
  115.199997 -29.5  0.715270996  2.52377319  650.249146
  121.099998 -28.5  7.31750488  9.24822998  650.249146
  126. -28.7000008  5.54241943  56.1703186  650.249146
  132. -28.5 -6.80895996  25.1895447  650.249146
  140.199997 -26.8999996  7.70776367  42.9096375  650.249146
  142.600006 -26.2999992  4.37072754  41.9500427  650.249146
  148.199997 -27.2000008 -4.6484375  10.0062561  650.249146
  155.899994 -24.1000004  8.38342285  18.7639771  650.249146
  158.699997 -25.  11.0948486  13.1094055  650.249146
  179.5 -26.1000004  9.30718994  5.94042969  650.249146
  184.199997 -31.7000008  8.63140869  12.4338379  650.249146
  186.5 -31. -18.9181519  20.1594238  650.249146
  196.699997 -33.9000015  27.6674805  5.73629761  650.249146
  200. -33.  20.6700439  6.3979187  650.249146
  206.399994 -31.8999996  6.35839844  5.04733276  650.249146
  214.5 -33.7000008  10.4187012  3.48883057  650.249146
  218.399994 -31.2999992 -1.21044922  2.62911987  650.249146
  225.199997 -31.2000008 -9.85308838  5.67144775  650.249146
  230.600006 -33.7999992 -8.33166504  7.58410645  650.249146
  233.199997 -34.5 -4.79034424  7.03097534  650.249146
  240.600006 -31.5  12.6954346  14.6277466  650.249146
  277.899994 -31.5  2.80865479  3.76708984  650.249146
  326.399994 -31.6000004 -4.18780518  10.007843  650.249146
  329.200012 -31.3999996  2.73797607  7.32049561  650.249146
  335.700012 -31.3999996 -8.08374023  22.5275879  650.249146
  343.700012 -30.8999996  16.0057983  5.97817993  650.249146
  348.600006 -31.  24.565979  8.16818237  650.249146
  354.299988 -32.4000015  24.3380737  8.49581909  650.249146
  359. -32.7000008  9.2364502  6.50952148  650.249146
  18.7000008 -32.2000008 -18.2821655  20.3745117  650.249146
  24.7999992 -32.0999985 -9.4286499  31.513092  650.249146
  30.1000004 -32.9000015 -5.60516357  4.3921814  650.249146
  35.2000008 -33.5 -0.0291748047  3.19711304  650.249146
  41.5999985 -32.9000015  1.56689453  4.44009399  650.249146
  46. -31.3999996  0.999389648  4.61697388  650.249146
  51.2999992 -32.7000008 -15.8126831  4.95211792  650.249146
  61.4000015 -32.2999992 -6.17102051  3.68353271  650.249146
  65.1999969 -32.0999985  3.87353516  3.86889648  650.249146
  69.8000031 -32.2999992  8.52490234  3.84265137  650.249146
  76. -32.2000008  8.73791504  4.4822998  650.249146
  85.6999969 -32.9000015 -4.36456299  2.79940796  650.249146
  89.1999969 -32.4000015  5.04431152  2.98248291  650.249146
  94.0999985 -32.5  7.92156982  6.47161865  650.249146
  97.9000015 -32.9000015  4.01483154  5.57849121  650.249146
  106. -33.9000015  3.27001953  3.76751709  650.249146
  112.300003 -33.5999985  2.02819824  3.97973633  650.249146
  117.5 -33.  9.2364502  3.45217896  650.249146
  123.099998 -32.7000008  14.4038086  26.0862732  650.249146
  130.699997 -32.0999985 -3.93963623  21.3537598  650.249146
  135.100006 -32.7999992  4.61932373  12.0111694  650.249146
  142.100006 -30.2000008  2.13531494  17.776123  650.249146
  146.199997 -31. -5.60516357  18.617981  650.249146
  167.199997 -32.9000015  5.57739258  23.6828613  650.249146
  170.5 -33.  0.538269043  27.8893127  650.249146
  177.5 -34.2000008 -2.55743408  11.6414795  650.249146
  182. -35.2999992  6.53637695  14.3444519  650.249146
  198.100006 -36.5  18.751709  3.56506348  650.249146
  201.300003 -38.  11.6279907  3.81115723  650.249146
  209.300003 -37.7999992  8.73791504  4.09100342  650.249146
  214.699997 -35.9000015  10.916687  4.80612183  650.249146
  220.5 -36.  3.41210938  13.64151  650.249146
  229.800003 -35.9000015 -2.41540527  10.2234802  650.249146
  232.899994 -36.7999992 -1.70629883  3.94128418  650.249146
  237.399994 -38.7000008 -8.29602051  4.32910156  650.249146
  244.199997 -39.5999985 -19.7636108  20.5939026  650.249146
  265.700012 -39.4000015  8.41918945  11.5735168  650.249146
  268.799988 -37. -2.37976074  30.7678833  650.249146
  279. -36.0999985  7.67199707  25.8869324  650.249146
  317.200012 -38.7000008  3.90930176  7.49993896  650.249146
  322.600006 -38.9000015 -1.59997559  6.42233276  650.249146
  328.100006 -37.2999992  10.774292  10.1220703  650.249146
  333. -35.7999992  18.8586426  25.9064331  650.249146
  348.600006 -38.2999992  5.54241943  11.5169067  650.249146
  354.899994 -38.5  0.999389648  11.1484985  650.249146
  359. -36.  1.63757324  13.0417175  650.249146
  13. -38.5  14.4038086  29.499176  650.249146
  19.7999992 -37.9000015 -12.7402954  33.2668457  650.249146
  25.6000004 -37. -5.03759766  6.18014526  650.249146
  32.5999985 -38.4000015 -13.7999268  8.28805542  650.249146
  37.2999992 -37.7999992 -4.0458374  6.1711731  650.249146
  43.4000015 -37.7999992  5.50665283  11.5525818  650.249146
  50.9000015 -37.0999985 -7.9776001  4.86090088  650.249146
  55.7000008 -37.7999992 -8.15423584  3.58596802  650.249146
  63.7999992 -35.4000015 -11.5733643  5.77423096  650.249146
  69.9000015 -37.0999985 -5.46331787  5.40045166  650.249146
  75. -37.2000008  6.89080811  5.08377075  650.249146
  84.8000031 -36.4000015 -8.54315186  3.12548828  650.249146
  89.1999969 -36.2999992 -9.39300537  3.86856079  650.249146
  94.5999985 -36.7999992 -5.64086914  18.5472717  650.249146
  100.099998 -37.4000015  6.89080811  9.1401062  650.249146
  109. -37.2999992  0.0771484375  14.3136902  650.249146
  111.900002 -37.5 -8.04803467  8.9352417  650.249146
  118.900002 -37.7999992 -5.53381348  4.03793335  650.249146
  124.400002 -37.7000008  0.466796875  6.17669678  650.249146
  133.100006 -38.0999985 -17.2948608  9.19396973  650.249146
  135.699997 -36.5 -14.5421753  21.9494019  650.249146
  154.300003 -38.7999992  3.16351318  8.20822144  650.249146
  156.800003 -38.7000008 -1.31677246  13.3509216  650.249146
  163.600006 -38.4000015 -7.69396973  15.1364441  650.249146
  170.699997 -37.  23.9967041  8.66439819  650.249146
  176.399994 -37.0999985  9.51947021  12.3040771  650.249146
  200.600006 -41.7000008  17.859436  11.6004333  650.249146
  204.199997 -43.  8.59564209  5.08612061  650.249146
  209.699997 -41.5  6.10968018  7.61013794  650.249146
  216.899994 -42.5 -1.35168457  7.55709839  650.249146
  225.699997 -44.0999985  15.649353  22.9381104  650.249146
  231.5 -42.7000008  11.8054199  24.9859924  650.249146
  236.5 -42.2999992 -1.81335449  17.2481689  650.249146
  244. -43.7000008 -5.67565918  16.0703735  650.249146
  250.699997 -43.5999985 -3.51464844  9.51248169  650.249146
  257.399994 -44.0999985 -3.05389404  7.02261353  650.249146
  264.799988 -42.5 -8.47265625  15.3448486  650.249146
  269.399994 -42.2999992  6.67779541  8.89105225  650.249146
  277.399994 -43.7000008  10.9524536  6.19271851  650.249146
  302.100006 -43.7000008  10.5610352  7.36636353  650.249146
  304.799988 -43.5  1.81542969  10.6896973  650.249146
  312. -42.  8.80957031  4.23345947  650.249146
  319.899994 -41.5  5.64886475  5.15335083  650.249146
  324.100006 -42.2000008 -12.1738892  24.230011  650.249146
  335.5 -43.5 -10.7597046  7.54315186  650.249146
  338.700012 -43.5 -2.62799072  44.2626343  650.249146
  353. -41.5 -4.82598877  5.89706421  650.249146
  356.5 -41.2999992 -5.39196777  10.0751953  650.249146
  21.1000004 -41. -2.84136963  12.490387  650.249146
  28.5 -42.2000008 -0.0648803711  26.1378784  650.249146
  33.5999985 -41.5 -6.38421631  24.1315002  650.249146
  42. -42.7000008  0.538269043  4.72329712  650.249146
  47.7999992 -43.2999992 -3.72711182  13.4438782  650.249146
  53.4000015 -43.2000008 -27.980957  17.4307556  650.249146
  60. -42.4000015 -17.1898804  11.1334534  650.249146
  67.9000015 -42.2999992 -7.83581543  28.8066406  650.249146
  75.9000015 -42.9000015 -1.95544434  11.2526855  650.249146
  79.0999985 -43.  4.90209961  7.572052  650.249146
  91.1999969 -41.2999992  2.09960938  9.05819702  650.249146
  94.8000031 -42.2999992 -1.45794678  4.61462402  650.249146
  101. -43.4000015 -2.7699585  4.11645508  650.249146
  107.800003 -40.0999985  0.999389648  24.1230164  650.249146
  116.400002 -40.4000015 -15.8126831  5.19976807  650.249146
  121.5 -41.5 -15.8837891  17.3885193  650.249146
  127.300003 -43.0999985  11.5205078  5.48257446  650.249146
  143.600006 -42.7000008  25.7149048  23.1160278  650.249146
  150.399994 -43.0999985  22.8712769  25.8979797  650.249146
  156.100006 -42.2000008  5.29376221  13.7202454  650.249146
  162.399994 -43.7000008  2.41796875  6.14389038  650.249146
  170.699997 -42.7000008  19.2865601  17.9876099  650.249146
  175.899994 -42.0999985  13.727417  32.6162415  650.249146
  181.5 -48.2000008 -5.14379883  5.57803345  650.249146
  192.800003 -49.7000008  0.0414428711  9.58078003  650.249146
  201.899994 -47.5  12.5170288  3.99041748  650.249146
  204.5 -47.7999992  11.449707  4.23712158  650.249146
  214.100006 -48.2999992 -4.01013184  6.89031982  650.249146
  222.800003 -48.5 -4.54217529  9.75848389  650.249146
  226.899994 -47.2999992  17.8953247  17.1970825  650.249146
  233.399994 -45.7999992  10.9524536  15.6552734  650.249146
  242.899994 -45.5999985 -17.718689  17.4141235  650.249146
  251.199997 -46. -22.6365967  12.6962585  650.249146
  257.799988 -47. -14.5777588  7.12030029  650.249146
  265.100006 -48.0999985 -24.8535767  6.16482544  650.249146
  272.299988 -47.7999992  1.81542969  8.17050171  650.249146
  278.5 -47.4000015 -9.11029053  18.9870605  650.249146
  287.700012 -49.2000008  19.0015259  17.6987305  650.249146
  295.600006 -48.  7.85003662  19.0068359  650.249146
  302.100006 -48.5999985  13.3706055  7.35192871  650.249146
  308.200012 -48.9000015  23.6585083  47.6882019  650.249146
  316.299988 -47.2999992  1.28356934  7.38427734  650.249146
  322.799988 -46.9000015 -17.6121826  25.8632507  650.249146
  331.700012 -47.9000015 -16.5187378  13.6412354  650.249146
  336.700012 -45.7999992 -11.9626465  14.197998  650.249146
  25.2999992 -47.2999992  0.0414428711  4.8291626  650.249146
  28.3999996 -46.0999985 -14.4006958  11.8518677  650.249146
  39.0999985 -46.2999992 -6.45471191  23.2468567  650.249146
  45.5999985 -47.5999985 -1.38739014  4.22436523  650.249146
  50.9000015 -48.0999985 -2.09655762  4.40100098  650.249146
  57.0999985 -48.2999992 -16.6245728  4.3866272  650.249146
  64.8000031 -47.2000008 -5.88812256  13.3293762  650.249146
  76.3000031 -44.9000015 -5.56951904  12.4812927  650.249146
  82.1999969 -47.7999992  4.97357178  4.11801147  650.249146
  88.5 -49.  2.48944092  3.19882202  650.249146
  94.8000031 -46.9000015  6.18121338  2.98318481  650.249146
  102.699997 -47.2999992 -2.66369629  20.5124817  650.249146
  106.099998 -47.9000015  1.8861084  44.1927795  650.249146
  125.5 -47.5  20.022583  3.48410034  650.249146
  130.199997 -49.0999985  18.1810303  4.42541504  650.249146
  148.100006 -47.9000015  25.1384277  11.7193604  650.249146
  153. -45.5  15.3648682  28.123291  650.249146
  162.399994 -45.2999992  4.05065918  8.81338501  650.249146
  165.899994 -45.5999985  3.37640381  30.5377808  650.249146
  177.899994 -46.5  24.1101074  14.1325684  650.249146
  183.5 -53.2999992 -11.5020752  4.21875  650.249146
  194.600006 -52.7999992 -6.77325439  5.18093872  650.249146
  200.100006 -51.4000015 -2.52172852  4.47158813  650.249146
  208.5 -52.7999992  4.44140625  4.36621094  650.249146
  219.300003 -52.5 -9.64086914  5.31845093  650.249146
  223.300003 -51.7999992 -7.69396973  5.17965698  650.249146
  233.800003 -52.2999992 -2.45111084  8.52288818  650.249146
  238.100006 -52.5 -23.0595703  28.0994873  650.249146
  260.799988 -49.5999985 -17.1543579  18.863739  650.249146
  267.200012 -50.4000015 -9.67645264  13.6077881  650.249146
  273.399994 -52.5 -2.98327637  10.5063171  650.249146
  282.5 -53.5999985  7.85003662  16.920929  650.249146
  287.600006 -53.7999992  24.1101074  4.51266479  650.249146
  301.100006 -51.0999985  11.5205078  6.86990356  650.249146
  307.299988 -51.5  0.325561523  7.34744263  650.249146
  312.899994 -52.4000015 -4.79034424  9.12081909  650.249146
  320.100006 -51.7000008  3.0222168  7.74621582  650.249146
  330.700012 -50.7000008  0.963623047  3.05612183  650.249146
  347.399994 -54.4000015  2.84436035  26.8977356  650.249146
  20.2000008 -52.4000015  10.2405396  30.0395813  650.249146
  28.8999996 -52.2000008  1.28356934  12.4021606  650.249146
  38.9000015 -53.7999992 -5.2857666  24.3874817  650.249146
  47.0999985 -52.2000008  4.51208496  8.14019775  650.249146
  52.0999985 -51.4000015 -5.95861816  11.3118896  650.249146
  60.5999985 -52.7999992 -14.5777588  20.7142029  650.249146
  70.6999969 -55.0999985 -3.26635742  5.56954956  650.249146
  78.9000015 -53.9000015 -9.81829834  3.86767578  650.249146
  85.4000015 -51.4000015 -4.96710205  3.75546265  650.249146
  90.6999969 -51.4000015 -7.09179688  7.09768677  650.249146
  103.900002 -52.4000015 -6.77325439  8.79681396  650.249146
  106.5 -53.2000008 -2.45111084  11.3580017  650.249146
  118.400002 -53.7000008  7.81427002  9.14254761  650.249146
  130.800003 -52.2999992  18.5369263  9.62765503  650.249146
  133.399994 -53.0999985  20.3093262  5.52246094  650.249146
  144.199997 -52.4000015  7.21105957  4.05355835  650.249146
  148.800003 -52.9000015  12.6954346  10.1568909  650.249146
  164.300003 -53.4000015  17.3256836  35.7384338  650.249146
  164.699997 -53.9000015  8.4541626  34.1366882  650.249146
  178.800003 -52.5 -16.4129028  13.7116089  650.249146
  183.600006 -57.0999985 -15.4248047  5.95275879  650.249146
  194.899994 -56.2000008 -17.6121826  8.34634399  650.249146
  204.699997 -57.0999985  1.10577393  7.099823  650.249146
  211.100006 -57.5999985 -1.24621582  4.29507446  650.249146
  223.600006 -57. -1.13989258  5.1817627  650.249146
  229.800003 -58.2999992  3.34063721  4.05102539  650.249146
  233.899994 -58.0999985  1.28356934  3.65921021  650.249146
  270.399994 -57.4000015  3.41210938  7.85369873  650.249146
  274.799988 -56.7999992  2.06390381  7.03060913  650.249146
  286.700012 -57.  18.6447144  3.96295166  650.249146
  293.200012 -59.  16.0775146  4.79034424  650.249146
  316. -55.7000008  1.63757324  9.27008057  650.249146
  319.600006 -57.4000015  13.7974854  7.28466797  650.249146
  346.5 -58.5999985 -15.7771606  4.20037842  650.249146
  351.100006 -58.0999985 -20.9465942  11.6461792  650.249146
  357.600006 -57.7000008  3.19848633  32.3453064  650.249146
  21.5 -58.7000008 -23.9044189  11.8348999  650.249146
  28. -57.7999992  3.83862305  22.1799927  650.249146
  38.5 -57.5999985 -6.38421631  5.81845093  650.249146
  44.5 -57.2000008  4.51208496  7.2170105  650.249146
  54. -56.5999985  7.88580322  13.7537231  650.249146
  67.6999969 -56.5999985 -13.4117432  4.71105957  650.249146
  73.0999985 -55.7999992 -0.536071777  3.87084961  650.249146
  79.6999969 -55.0999985 -4.61273193  4.54052734  650.249146
  92.5999985 -58.4000015 -17.2246094  8.02954102  650.249146
  102.800003 -56.7999992 -15.8837891  6.76315308  650.249146
  109.400002 -57.4000015 -11.7854004  11.2610474  650.249146
  117.400002 -58.0999985 -9.32165527  17.8851013  650.249146
  132.699997 -57.7000008 -5.03759766  28.3401489  650.249146
  134.800003 -57.7000008  8.73791504  26.8815918  650.249146
  148.100006 -56.2999992  3.5892334  15.4642334  650.249146
  157.300003 -56.  4.69006348  10.5552368  650.249146
  166.5 -57.4000015 -14.3303223  14.2927246  650.249146
  178.5 -57.5999985 -18.317688  3.74865723  650.249146
  184.5 -62.2000008  1.21295166  13.4313049  650.249146
  197.199997 -64.1999969 -1.45794678  5.25241089  650.249146
  207.399994 -62.2000008  1.60266113  6.3913269  650.249146
  214.300003 -61.7999992 -5.85241699  10.0030212  650.249146
  229.699997 -61.2000008 -0.855834961  7.02633667  650.249146
  237.600006 -61.5999985 -8.93286133  6.87548828  650.249146
  273.299988 -61.7000008 -3.62084961  10.9298401  650.249146
  285.299988 -63.2999992  6.18121338  12.2299805  650.249146
  294.100006 -63.2999992  7.92156982  6.96908569  650.249146
  302.200012 -63.2000008  4.37072754  15.3719788  650.249146
  316.299988 -64.0999985  3.16351318  13.6870422  650.249146
  326.5 -62.5 -13.1286011  13.9803162  650.249146
  337.700012 -63.0999985 -4.57781982  5.177948  650.249146
  349.200012 -61.7000008 -11.855835  4.64260864  650.249146
  0.800000012 -64.1999969 -18.4234009  9.6477356  650.249146
  11.8000002 -64.1999969 -21.6164551  6.17318726  650.249146
  24.2000008 -63.2999992 -19.9047852  14.2945251  650.249146
  31.2000008 -62.4000015 -14.6828003  5.02587891  650.249146
  42.5999985 -61. -2.80566406  5.21520996  650.249146
  56.5 -62.5999985 -12.0678711  7.99963379  650.249146
  63.0999985 -62.7000008 -18.8116455  20.0186768  650.249146
  76.9000015 -62.5 -26.2592773  18.7893677  650.249146
  86.5999985 -62.2000008 -29.4916992  21.8863525  650.249146
  97.6999969 -62.5999985 -19.9047852  3.74572754  650.249146
  111.099998 -61.7000008 -22.2498779  6.94592285  650.249146
  121.199997 -64.0999985 -4.82598877  19.2591858  650.249146
  130.800003 -62.2000008 -10.2070312  8.57019043  650.249146
  138.800003 -62.9000015 -9.85308838  7.47570801  650.249146
  154.300003 -63.7999992 -15.989624  12.4796753  650.249146
  164.899994 -62.2000008 -31.  14.9542542  650.249146
  173.399994 -61.7999992 -4.79034424  18.6230469  650.249146
  188.600006 -66.5  2.34729004  20.9440918  650.249146
  199.199997 -65.8000031 -6.41992188  6.06640625  650.249146
  208.5 -67.5 -5.14379883  21.3101501  650.249146
  228.199997 -66.3000031 -9.71209717  4.07952881  650.249146
  232.300003 -66.1999969 -8.04803467  4.75469971  650.249146
  268. -68.1999969 -2.66369629  6.10205078  650.249146
  275.200012 -67.3000031 -7.34063721  8.83099365  650.249146
  289.799988 -66.3000031 -1.21044922  5.46569824  650.249146
  301.899994 -66.4000015 -8.40301514  18.7433472  650.249146
  317.399994 -68.0999985 -8.57879639  5.95666504  650.249146
  326.5 -67.8000031 -11.5020752  3.01696777  650.249146
  336.600006 -67.6999969 -2.23773193  5.92489624  650.249146
  356. -66.8000031  11.8054199  18.5843506  650.249146
  6.80000019 -66.5999985 -9.60522461  19.2963867  650.249146
  20.7999992 -66.3000031 -9.74700928  6.44998169  650.249146
  30.7000008 -66.5999985 -10.7597046  12.1540222  650.249146
  45.9000015 -67. -4.15209961  4.64761353  650.249146
  59.7000008 -66.0999985 -0.749511719  7.487854  650.249146
  69.5 -68.0999985 -12.4570923  5.41937256  650.249146
  82.5999985 -68.6999969 -23.3060303  8.66760254  650.249146
  100.800003 -68.5 -15.5654297  9.20016479  650.249146
  108.699997 -67.5 -19.7990723  7.12930298  650.249146
  121.900002 -66. -4.79034424  13.2981873  650.249146
  129.399994 -66.0999985 -10.8657837  9.95736694  650.249146
  151. -65.8000031 -19.3054199  17.0475464  650.249146
  161.399994 -67. -11.4664917  28.1938782  650.249146
  173.300003 -65.9000015 -2.9475708  26.5608215  650.249146
  195.800003 -75.3000031 -4.15209961  28.6295166  650.249146
  199.199997 -73.6999969 -12.4215088  32.8102417  650.249146
  229.5 -73.5  4.97357178  28.7275696  650.249146
  234.800003 -75.4000015  7.85003662  13.5372314  650.249146
  273.200012 -72.6999969  10.1705933  18.3839417  650.249146
  283.5 -72.9000015  10.7034302  28.0557861  650.249146
  307.399994 -71.8000031 -2.52172852  11.1801758  650.249146
  319.100006 -70.9000015 -11.6793823  3.47601318  650.249146
  331. -70.0999985 -8.50836182  3.97567749  650.249146
  9.19999981 -72.6999969  18.6798096  18.7050171  650.249146
  29.2000008 -72.8000031  12.6954346  14.6654663  650.249146
  37. -72.0999985  8.70294189  19.1951599  650.249146
  62.2000008 -72.3000031 -6.49041748  6.56768799  650.249146
  76.0999985 -72.1999969 -7.58776855  4.08197021  650.249146
  89. -72.5999985 -16.0251465  4.67007446  650.249146
  105.599998 -73.4000015 -8.50836182  3.72738647  650.249146
  121.900002 -73.0999985 -11.9626465  4.53640747  650.249146
  129.100006 -73.3000031 -12.5631104  4.3230896  650.249146
  196. -76.8000031 -6.95074463  12.9714966  650.249146
  207.100006 -77.1999969  0.928710938  9.48092651  650.249146
  238.100006 -79.3000031 -6.52606201  8.05447388  650.249146
  250.699997 -78.5999985  13.4422607  7.74725342  650.249146
  286.5 -77.4000015  16.3629761  13.0147095  650.249146
  305.5 -79. -0.997802734  23.3597717  650.249146
  319.5 -78.0999985 -0.465454102  14.5599365  650.249146
  342.399994 -78.0999985  30.6976929  11.6979675  650.249146
  18.5 -76.5999985  17.5386963  6.89419556  650.249146
  35.5 -76.4000015  10.9874268  19.0187683  650.249146
  62. -77.5  1.9932251  6.49819946  650.249146
  79. -76.3000031  2.13531494  6.14352417  650.249146
  101.5 -75.8000031 -6.1005249  4.14321899  650.249146
  116.699997 -75.5 -9.39300537  3.51385498  650.249146
  213. -82.5 -17.2246094  4.42062378  650.249146
  225.199997 -82.0999985 -15.1775513  5.28259277  650.249146
  290.600006 -81.4000015  21.1049194  5.25991821  650.249146
  307.899994 -81.0999985  12.6954346  7.34710693  650.249146
  54.7999992 -81.9000015  3.27001953  5.22229004  650.249146
  75.0999985 -81.5  6.74853516  3.73403931  650.249146
  116.5 -82.5999985 -4.57781982  11.9543152  650.249146
  181.800003 -83.4000015 -26.7869873  11.0496826  650.249146
  268.700012 -85.3000031  9.62683105  18.5373535  650.249146
  331.799988 -86.6999969  9.92163086  14.2061157  650.249146
  62.2000008 -86.3000031  7.81427002  16.1123047  650.249146
